/*--------------------------------*- C++ -*----------------------------------*\
| =========                 |                                                 |
| \\      /  F ield         | OpenFOAM: The Open Source CFD Toolbox           |
|  \\    /   O peration     | Version:  2212                                  |
|   \\  /    A nd           | Website:  www.openfoam.com                      |
|    \\/     M anipulation  |                                                 |
\*---------------------------------------------------------------------------*/
FoamFile
{
    version     2.0;
    format      ascii;
    arch        "LSB;label=32;scalar=64";
    class       labelList;
    location    "constant/solid/polyMesh";
    object      cellRegionAddressing;
}
// * * * * * * * * * * * * * * * * * * * * * * * * * * * * * * * * * * * * * //


800
(
9235
9236
9237
9238
9239
9240
9241
9242
9243
9244
9315
9316
9317
9318
9319
9320
9321
9322
9323
9324
9395
9396
9397
9398
9399
9400
9401
9402
9403
9404
9475
9476
9477
9478
9479
9480
9481
9482
9483
9484
9555
9556
9557
9558
9559
9560
9561
9562
9563
9564
9635
9636
9637
9638
9639
9640
9641
9642
9643
9644
9715
9716
9717
9718
9719
9720
9721
9722
9723
9724
9795
9796
9797
9798
9799
9800
9801
9802
9803
9804
9875
9876
9877
9878
9879
9880
9881
9882
9883
9884
9955
9956
9957
9958
9959
9960
9961
9962
9963
9964
15635
15636
15637
15638
15639
15640
15641
15642
15643
15644
15715
15716
15717
15718
15719
15720
15721
15722
15723
15724
15795
15796
15797
15798
15799
15800
15801
15802
15803
15804
15875
15876
15877
15878
15879
15880
15881
15882
15883
15884
15955
15956
15957
15958
15959
15960
15961
15962
15963
15964
16035
16036
16037
16038
16039
16040
16041
16042
16043
16044
16115
16116
16117
16118
16119
16120
16121
16122
16123
16124
16195
16196
16197
16198
16199
16200
16201
16202
16203
16204
16275
16276
16277
16278
16279
16280
16281
16282
16283
16284
16355
16356
16357
16358
16359
16360
16361
16362
16363
16364
22035
22036
22037
22038
22039
22040
22041
22042
22043
22044
22115
22116
22117
22118
22119
22120
22121
22122
22123
22124
22195
22196
22197
22198
22199
22200
22201
22202
22203
22204
22275
22276
22277
22278
22279
22280
22281
22282
22283
22284
22355
22356
22357
22358
22359
22360
22361
22362
22363
22364
22435
22436
22437
22438
22439
22440
22441
22442
22443
22444
22515
22516
22517
22518
22519
22520
22521
22522
22523
22524
22595
22596
22597
22598
22599
22600
22601
22602
22603
22604
22675
22676
22677
22678
22679
22680
22681
22682
22683
22684
22755
22756
22757
22758
22759
22760
22761
22762
22763
22764
28435
28436
28437
28438
28439
28440
28441
28442
28443
28444
28515
28516
28517
28518
28519
28520
28521
28522
28523
28524
28595
28596
28597
28598
28599
28600
28601
28602
28603
28604
28675
28676
28677
28678
28679
28680
28681
28682
28683
28684
28755
28756
28757
28758
28759
28760
28761
28762
28763
28764
28835
28836
28837
28838
28839
28840
28841
28842
28843
28844
28915
28916
28917
28918
28919
28920
28921
28922
28923
28924
28995
28996
28997
28998
28999
29000
29001
29002
29003
29004
29075
29076
29077
29078
29079
29080
29081
29082
29083
29084
29155
29156
29157
29158
29159
29160
29161
29162
29163
29164
34835
34836
34837
34838
34839
34840
34841
34842
34843
34844
34915
34916
34917
34918
34919
34920
34921
34922
34923
34924
34995
34996
34997
34998
34999
35000
35001
35002
35003
35004
35075
35076
35077
35078
35079
35080
35081
35082
35083
35084
35155
35156
35157
35158
35159
35160
35161
35162
35163
35164
35235
35236
35237
35238
35239
35240
35241
35242
35243
35244
35315
35316
35317
35318
35319
35320
35321
35322
35323
35324
35395
35396
35397
35398
35399
35400
35401
35402
35403
35404
35475
35476
35477
35478
35479
35480
35481
35482
35483
35484
35555
35556
35557
35558
35559
35560
35561
35562
35563
35564
41235
41236
41237
41238
41239
41240
41241
41242
41243
41244
41315
41316
41317
41318
41319
41320
41321
41322
41323
41324
41395
41396
41397
41398
41399
41400
41401
41402
41403
41404
41475
41476
41477
41478
41479
41480
41481
41482
41483
41484
41555
41556
41557
41558
41559
41560
41561
41562
41563
41564
41635
41636
41637
41638
41639
41640
41641
41642
41643
41644
41715
41716
41717
41718
41719
41720
41721
41722
41723
41724
41795
41796
41797
41798
41799
41800
41801
41802
41803
41804
41875
41876
41877
41878
41879
41880
41881
41882
41883
41884
41955
41956
41957
41958
41959
41960
41961
41962
41963
41964
47635
47636
47637
47638
47639
47640
47641
47642
47643
47644
47715
47716
47717
47718
47719
47720
47721
47722
47723
47724
47795
47796
47797
47798
47799
47800
47801
47802
47803
47804
47875
47876
47877
47878
47879
47880
47881
47882
47883
47884
47955
47956
47957
47958
47959
47960
47961
47962
47963
47964
48035
48036
48037
48038
48039
48040
48041
48042
48043
48044
48115
48116
48117
48118
48119
48120
48121
48122
48123
48124
48195
48196
48197
48198
48199
48200
48201
48202
48203
48204
48275
48276
48277
48278
48279
48280
48281
48282
48283
48284
48355
48356
48357
48358
48359
48360
48361
48362
48363
48364
54035
54036
54037
54038
54039
54040
54041
54042
54043
54044
54115
54116
54117
54118
54119
54120
54121
54122
54123
54124
54195
54196
54197
54198
54199
54200
54201
54202
54203
54204
54275
54276
54277
54278
54279
54280
54281
54282
54283
54284
54355
54356
54357
54358
54359
54360
54361
54362
54363
54364
54435
54436
54437
54438
54439
54440
54441
54442
54443
54444
54515
54516
54517
54518
54519
54520
54521
54522
54523
54524
54595
54596
54597
54598
54599
54600
54601
54602
54603
54604
54675
54676
54677
54678
54679
54680
54681
54682
54683
54684
54755
54756
54757
54758
54759
54760
54761
54762
54763
54764
)


// ************************************************************************* //
