/*--------------------------------*- C++ -*----------------------------------*\
| =========                 |                                                 |
| \\      /  F ield         | OpenFOAM: The Open Source CFD Toolbox           |
|  \\    /   O peration     | Version:  2212                                  |
|   \\  /    A nd           | Website:  www.openfoam.com                      |
|    \\/     M anipulation  |                                                 |
\*---------------------------------------------------------------------------*/
FoamFile
{
    version     2.0;
    format      ascii;
    arch        "LSB;label=32;scalar=64";
    class       labelList;
    location    "constant/solid/polyMesh";
    object      faceRegionAddressing;
}
// * * * * * * * * * * * * * * * * * * * * * * * * * * * * * * * * * * * * * //


2660
(
27511
27512
27513
27514
27515
27516
27517
27518
27519
27520
27521
27522
27523
27524
27525
27526
27527
27528
27529
27530
27531
27532
27533
27534
27535
27536
27537
27539
27540
27750
27751
27752
27753
27754
27755
27756
27757
27758
27759
27760
27761
27762
27763
27764
27765
27766
27767
27768
27769
27770
27771
27772
27773
27774
27775
27776
27778
27779
27989
27990
27991
27992
27993
27994
27995
27996
27997
27998
27999
28000
28001
28002
28003
28004
28005
28006
28007
28008
28009
28010
28011
28012
28013
28014
28015
28017
28018
28228
28229
28230
28231
28232
28233
28234
28235
28236
28237
28238
28239
28240
28241
28242
28243
28244
28245
28246
28247
28248
28249
28250
28251
28252
28253
28254
28256
28257
28467
28468
28469
28470
28471
28472
28473
28474
28475
28476
28477
28478
28479
28480
28481
28482
28483
28484
28485
28486
28487
28488
28489
28490
28491
28492
28493
28495
28496
28706
28707
28708
28709
28710
28711
28712
28713
28714
28715
28716
28717
28718
28719
28720
28721
28722
28723
28724
28725
28726
28727
28728
28729
28730
28731
28732
28734
28735
28945
28946
28947
28948
28949
28950
28951
28952
28953
28954
28955
28956
28957
28958
28959
28960
28961
28962
28963
28964
28965
28966
28967
28968
28969
28970
28971
28973
28974
29184
29185
29186
29187
29188
29189
29190
29191
29192
29193
29194
29195
29196
29197
29198
29199
29200
29201
29202
29203
29204
29205
29206
29207
29208
29209
29210
29212
29213
29423
29424
29425
29426
29427
29428
29429
29430
29431
29432
29433
29434
29435
29436
29437
29438
29439
29440
29441
29442
29443
29444
29445
29446
29447
29448
29449
29451
29452
29662
29664
29665
29667
29668
29670
29671
29673
29674
29676
29677
29679
29680
29682
29683
29685
29686
29688
29691
46551
46552
46553
46554
46555
46556
46557
46558
46559
46560
46561
46562
46563
46564
46565
46566
46567
46568
46569
46570
46571
46572
46573
46574
46575
46576
46577
46579
46580
46790
46791
46792
46793
46794
46795
46796
46797
46798
46799
46800
46801
46802
46803
46804
46805
46806
46807
46808
46809
46810
46811
46812
46813
46814
46815
46816
46818
46819
47029
47030
47031
47032
47033
47034
47035
47036
47037
47038
47039
47040
47041
47042
47043
47044
47045
47046
47047
47048
47049
47050
47051
47052
47053
47054
47055
47057
47058
47268
47269
47270
47271
47272
47273
47274
47275
47276
47277
47278
47279
47280
47281
47282
47283
47284
47285
47286
47287
47288
47289
47290
47291
47292
47293
47294
47296
47297
47507
47508
47509
47510
47511
47512
47513
47514
47515
47516
47517
47518
47519
47520
47521
47522
47523
47524
47525
47526
47527
47528
47529
47530
47531
47532
47533
47535
47536
47746
47747
47748
47749
47750
47751
47752
47753
47754
47755
47756
47757
47758
47759
47760
47761
47762
47763
47764
47765
47766
47767
47768
47769
47770
47771
47772
47774
47775
47985
47986
47987
47988
47989
47990
47991
47992
47993
47994
47995
47996
47997
47998
47999
48000
48001
48002
48003
48004
48005
48006
48007
48008
48009
48010
48011
48013
48014
48224
48225
48226
48227
48228
48229
48230
48231
48232
48233
48234
48235
48236
48237
48238
48239
48240
48241
48242
48243
48244
48245
48246
48247
48248
48249
48250
48252
48253
48463
48464
48465
48466
48467
48468
48469
48470
48471
48472
48473
48474
48475
48476
48477
48478
48479
48480
48481
48482
48483
48484
48485
48486
48487
48488
48489
48491
48492
48702
48704
48705
48707
48708
48710
48711
48713
48714
48716
48717
48719
48720
48722
48723
48725
48726
48728
48731
65591
65592
65593
65594
65595
65596
65597
65598
65599
65600
65601
65602
65603
65604
65605
65606
65607
65608
65609
65610
65611
65612
65613
65614
65615
65616
65617
65619
65620
65830
65831
65832
65833
65834
65835
65836
65837
65838
65839
65840
65841
65842
65843
65844
65845
65846
65847
65848
65849
65850
65851
65852
65853
65854
65855
65856
65858
65859
66069
66070
66071
66072
66073
66074
66075
66076
66077
66078
66079
66080
66081
66082
66083
66084
66085
66086
66087
66088
66089
66090
66091
66092
66093
66094
66095
66097
66098
66308
66309
66310
66311
66312
66313
66314
66315
66316
66317
66318
66319
66320
66321
66322
66323
66324
66325
66326
66327
66328
66329
66330
66331
66332
66333
66334
66336
66337
66547
66548
66549
66550
66551
66552
66553
66554
66555
66556
66557
66558
66559
66560
66561
66562
66563
66564
66565
66566
66567
66568
66569
66570
66571
66572
66573
66575
66576
66786
66787
66788
66789
66790
66791
66792
66793
66794
66795
66796
66797
66798
66799
66800
66801
66802
66803
66804
66805
66806
66807
66808
66809
66810
66811
66812
66814
66815
67025
67026
67027
67028
67029
67030
67031
67032
67033
67034
67035
67036
67037
67038
67039
67040
67041
67042
67043
67044
67045
67046
67047
67048
67049
67050
67051
67053
67054
67264
67265
67266
67267
67268
67269
67270
67271
67272
67273
67274
67275
67276
67277
67278
67279
67280
67281
67282
67283
67284
67285
67286
67287
67288
67289
67290
67292
67293
67503
67504
67505
67506
67507
67508
67509
67510
67511
67512
67513
67514
67515
67516
67517
67518
67519
67520
67521
67522
67523
67524
67525
67526
67527
67528
67529
67531
67532
67742
67744
67745
67747
67748
67750
67751
67753
67754
67756
67757
67759
67760
67762
67763
67765
67766
67768
67771
84631
84632
84633
84634
84635
84636
84637
84638
84639
84640
84641
84642
84643
84644
84645
84646
84647
84648
84649
84650
84651
84652
84653
84654
84655
84656
84657
84659
84660
84870
84871
84872
84873
84874
84875
84876
84877
84878
84879
84880
84881
84882
84883
84884
84885
84886
84887
84888
84889
84890
84891
84892
84893
84894
84895
84896
84898
84899
85109
85110
85111
85112
85113
85114
85115
85116
85117
85118
85119
85120
85121
85122
85123
85124
85125
85126
85127
85128
85129
85130
85131
85132
85133
85134
85135
85137
85138
85348
85349
85350
85351
85352
85353
85354
85355
85356
85357
85358
85359
85360
85361
85362
85363
85364
85365
85366
85367
85368
85369
85370
85371
85372
85373
85374
85376
85377
85587
85588
85589
85590
85591
85592
85593
85594
85595
85596
85597
85598
85599
85600
85601
85602
85603
85604
85605
85606
85607
85608
85609
85610
85611
85612
85613
85615
85616
85826
85827
85828
85829
85830
85831
85832
85833
85834
85835
85836
85837
85838
85839
85840
85841
85842
85843
85844
85845
85846
85847
85848
85849
85850
85851
85852
85854
85855
86065
86066
86067
86068
86069
86070
86071
86072
86073
86074
86075
86076
86077
86078
86079
86080
86081
86082
86083
86084
86085
86086
86087
86088
86089
86090
86091
86093
86094
86304
86305
86306
86307
86308
86309
86310
86311
86312
86313
86314
86315
86316
86317
86318
86319
86320
86321
86322
86323
86324
86325
86326
86327
86328
86329
86330
86332
86333
86543
86544
86545
86546
86547
86548
86549
86550
86551
86552
86553
86554
86555
86556
86557
86558
86559
86560
86561
86562
86563
86564
86565
86566
86567
86568
86569
86571
86572
86782
86784
86785
86787
86788
86790
86791
86793
86794
86796
86797
86799
86800
86802
86803
86805
86806
86808
86811
103671
103672
103673
103674
103675
103676
103677
103678
103679
103680
103681
103682
103683
103684
103685
103686
103687
103688
103689
103690
103691
103692
103693
103694
103695
103696
103697
103699
103700
103910
103911
103912
103913
103914
103915
103916
103917
103918
103919
103920
103921
103922
103923
103924
103925
103926
103927
103928
103929
103930
103931
103932
103933
103934
103935
103936
103938
103939
104149
104150
104151
104152
104153
104154
104155
104156
104157
104158
104159
104160
104161
104162
104163
104164
104165
104166
104167
104168
104169
104170
104171
104172
104173
104174
104175
104177
104178
104388
104389
104390
104391
104392
104393
104394
104395
104396
104397
104398
104399
104400
104401
104402
104403
104404
104405
104406
104407
104408
104409
104410
104411
104412
104413
104414
104416
104417
104627
104628
104629
104630
104631
104632
104633
104634
104635
104636
104637
104638
104639
104640
104641
104642
104643
104644
104645
104646
104647
104648
104649
104650
104651
104652
104653
104655
104656
104866
104867
104868
104869
104870
104871
104872
104873
104874
104875
104876
104877
104878
104879
104880
104881
104882
104883
104884
104885
104886
104887
104888
104889
104890
104891
104892
104894
104895
105105
105106
105107
105108
105109
105110
105111
105112
105113
105114
105115
105116
105117
105118
105119
105120
105121
105122
105123
105124
105125
105126
105127
105128
105129
105130
105131
105133
105134
105344
105345
105346
105347
105348
105349
105350
105351
105352
105353
105354
105355
105356
105357
105358
105359
105360
105361
105362
105363
105364
105365
105366
105367
105368
105369
105370
105372
105373
105583
105584
105585
105586
105587
105588
105589
105590
105591
105592
105593
105594
105595
105596
105597
105598
105599
105600
105601
105602
105603
105604
105605
105606
105607
105608
105609
105611
105612
105822
105824
105825
105827
105828
105830
105831
105833
105834
105836
105837
105839
105840
105842
105843
105845
105846
105848
105851
122711
122712
122713
122714
122715
122716
122717
122718
122719
122720
122721
122722
122723
122724
122725
122726
122727
122728
122729
122730
122731
122732
122733
122734
122735
122736
122737
122739
122740
122950
122951
122952
122953
122954
122955
122956
122957
122958
122959
122960
122961
122962
122963
122964
122965
122966
122967
122968
122969
122970
122971
122972
122973
122974
122975
122976
122978
122979
123189
123190
123191
123192
123193
123194
123195
123196
123197
123198
123199
123200
123201
123202
123203
123204
123205
123206
123207
123208
123209
123210
123211
123212
123213
123214
123215
123217
123218
123428
123429
123430
123431
123432
123433
123434
123435
123436
123437
123438
123439
123440
123441
123442
123443
123444
123445
123446
123447
123448
123449
123450
123451
123452
123453
123454
123456
123457
123667
123668
123669
123670
123671
123672
123673
123674
123675
123676
123677
123678
123679
123680
123681
123682
123683
123684
123685
123686
123687
123688
123689
123690
123691
123692
123693
123695
123696
123906
123907
123908
123909
123910
123911
123912
123913
123914
123915
123916
123917
123918
123919
123920
123921
123922
123923
123924
123925
123926
123927
123928
123929
123930
123931
123932
123934
123935
124145
124146
124147
124148
124149
124150
124151
124152
124153
124154
124155
124156
124157
124158
124159
124160
124161
124162
124163
124164
124165
124166
124167
124168
124169
124170
124171
124173
124174
124384
124385
124386
124387
124388
124389
124390
124391
124392
124393
124394
124395
124396
124397
124398
124399
124400
124401
124402
124403
124404
124405
124406
124407
124408
124409
124410
124412
124413
124623
124624
124625
124626
124627
124628
124629
124630
124631
124632
124633
124634
124635
124636
124637
124638
124639
124640
124641
124642
124643
124644
124645
124646
124647
124648
124649
124651
124652
124862
124864
124865
124867
124868
124870
124871
124873
124874
124876
124877
124879
124880
124882
124883
124885
124886
124888
124891
141751
141752
141753
141754
141755
141756
141757
141758
141759
141760
141761
141762
141763
141764
141765
141766
141767
141768
141769
141770
141771
141772
141773
141774
141775
141776
141777
141779
141780
141990
141991
141992
141993
141994
141995
141996
141997
141998
141999
142000
142001
142002
142003
142004
142005
142006
142007
142008
142009
142010
142011
142012
142013
142014
142015
142016
142018
142019
142229
142230
142231
142232
142233
142234
142235
142236
142237
142238
142239
142240
142241
142242
142243
142244
142245
142246
142247
142248
142249
142250
142251
142252
142253
142254
142255
142257
142258
142468
142469
142470
142471
142472
142473
142474
142475
142476
142477
142478
142479
142480
142481
142482
142483
142484
142485
142486
142487
142488
142489
142490
142491
142492
142493
142494
142496
142497
142707
142708
142709
142710
142711
142712
142713
142714
142715
142716
142717
142718
142719
142720
142721
142722
142723
142724
142725
142726
142727
142728
142729
142730
142731
142732
142733
142735
142736
142946
142947
142948
142949
142950
142951
142952
142953
142954
142955
142956
142957
142958
142959
142960
142961
142962
142963
142964
142965
142966
142967
142968
142969
142970
142971
142972
142974
142975
143185
143186
143187
143188
143189
143190
143191
143192
143193
143194
143195
143196
143197
143198
143199
143200
143201
143202
143203
143204
143205
143206
143207
143208
143209
143210
143211
143213
143214
143424
143425
143426
143427
143428
143429
143430
143431
143432
143433
143434
143435
143436
143437
143438
143439
143440
143441
143442
143443
143444
143445
143446
143447
143448
143449
143450
143452
143453
143663
143664
143665
143666
143667
143668
143669
143670
143671
143672
143673
143674
143675
143676
143677
143678
143679
143680
143681
143682
143683
143684
143685
143686
143687
143688
143689
143691
143692
143902
143904
143905
143907
143908
143910
143911
143913
143914
143916
143917
143919
143920
143922
143923
143925
143926
143928
143931
160791
160792
160794
160795
160797
160798
160800
160801
160803
160804
160806
160807
160809
160810
160812
160813
160815
160816
160819
161030
161031
161033
161034
161036
161037
161039
161040
161042
161043
161045
161046
161048
161049
161051
161052
161054
161055
161058
161269
161270
161272
161273
161275
161276
161278
161279
161281
161282
161284
161285
161287
161288
161290
161291
161293
161294
161297
161508
161509
161511
161512
161514
161515
161517
161518
161520
161521
161523
161524
161526
161527
161529
161530
161532
161533
161536
161747
161748
161750
161751
161753
161754
161756
161757
161759
161760
161762
161763
161765
161766
161768
161769
161771
161772
161775
161986
161987
161989
161990
161992
161993
161995
161996
161998
161999
162001
162002
162004
162005
162007
162008
162010
162011
162014
162225
162226
162228
162229
162231
162232
162234
162235
162237
162238
162240
162241
162243
162244
162246
162247
162249
162250
162253
162464
162465
162467
162468
162470
162471
162473
162474
162476
162477
162479
162480
162482
162483
162485
162486
162488
162489
162492
162703
162704
162706
162707
162709
162710
162712
162713
162715
162716
162718
162719
162721
162722
162724
162725
162727
162728
162731
162942
162945
162948
162951
162954
162957
162960
162963
162966
-27273
-27276
-27279
-27282
-27285
-27288
-27291
-27294
-27297
-27300
-27508
27538
-27747
27777
-27986
28016
-28225
28255
-28464
28494
-28703
28733
-28942
28972
-29181
29211
-29420
29450
-29659
29663
29666
29669
29672
29675
29678
29681
29684
29687
29689
29690
-46313
-46316
-46319
-46322
-46325
-46328
-46331
-46334
-46337
-46340
-46548
46578
-46787
46817
-47026
47056
-47265
47295
-47504
47534
-47743
47773
-47982
48012
-48221
48251
-48460
48490
-48699
48703
48706
48709
48712
48715
48718
48721
48724
48727
48729
48730
-65353
-65356
-65359
-65362
-65365
-65368
-65371
-65374
-65377
-65380
-65588
65618
-65827
65857
-66066
66096
-66305
66335
-66544
66574
-66783
66813
-67022
67052
-67261
67291
-67500
67530
-67739
67743
67746
67749
67752
67755
67758
67761
67764
67767
67769
67770
-84393
-84396
-84399
-84402
-84405
-84408
-84411
-84414
-84417
-84420
-84628
84658
-84867
84897
-85106
85136
-85345
85375
-85584
85614
-85823
85853
-86062
86092
-86301
86331
-86540
86570
-86779
86783
86786
86789
86792
86795
86798
86801
86804
86807
86809
86810
-103433
-103436
-103439
-103442
-103445
-103448
-103451
-103454
-103457
-103460
-103668
103698
-103907
103937
-104146
104176
-104385
104415
-104624
104654
-104863
104893
-105102
105132
-105341
105371
-105580
105610
-105819
105823
105826
105829
105832
105835
105838
105841
105844
105847
105849
105850
-122473
-122476
-122479
-122482
-122485
-122488
-122491
-122494
-122497
-122500
-122708
122738
-122947
122977
-123186
123216
-123425
123455
-123664
123694
-123903
123933
-124142
124172
-124381
124411
-124620
124650
-124859
124863
124866
124869
124872
124875
124878
124881
124884
124887
124889
124890
-141513
-141516
-141519
-141522
-141525
-141528
-141531
-141534
-141537
-141540
-141748
141778
-141987
142017
-142226
142256
-142465
142495
-142704
142734
-142943
142973
-143182
143212
-143421
143451
-143660
143690
-143899
143903
143906
143909
143912
143915
143918
143921
143924
143927
143929
143930
-160553
-160556
-160559
-160562
-160565
-160568
-160571
-160574
-160577
-160580
-160788
160793
160796
160799
160802
160805
160808
160811
160814
160817
160818
160820
-161027
161032
161035
161038
161041
161044
161047
161050
161053
161056
161057
161059
-161266
161271
161274
161277
161280
161283
161286
161289
161292
161295
161296
161298
-161505
161510
161513
161516
161519
161522
161525
161528
161531
161534
161535
161537
-161744
161749
161752
161755
161758
161761
161764
161767
161770
161773
161774
161776
-161983
161988
161991
161994
161997
162000
162003
162006
162009
162012
162013
162015
-162222
162227
162230
162233
162236
162239
162242
162245
162248
162251
162252
162254
-162461
162466
162469
162472
162475
162478
162481
162484
162487
162490
162491
162493
-162700
162705
162708
162711
162714
162717
162720
162723
162726
162729
162730
162732
-162939
162943
162944
162946
162947
162949
162950
162952
162953
162955
162956
162958
162959
162961
162962
162964
162965
162967
162968
162969
162970
162971
-8473
-8476
-8479
-8482
-8485
-8488
-8491
-8494
-8497
-8500
-8712
-8715
-8718
-8721
-8724
-8727
-8730
-8733
-8736
-8739
-8951
-8954
-8957
-8960
-8963
-8966
-8969
-8972
-8975
-8978
-9190
-9193
-9196
-9199
-9202
-9205
-9208
-9211
-9214
-9217
-9429
-9432
-9435
-9438
-9441
-9444
-9447
-9450
-9453
-9456
-9668
-9671
-9674
-9677
-9680
-9683
-9686
-9689
-9692
-9695
-9907
-9910
-9913
-9916
-9919
-9922
-9925
-9928
-9931
-9934
-10146
-10149
-10152
-10155
-10158
-10161
-10164
-10167
-10170
-10173
-10385
-10388
-10391
-10394
-10397
-10400
-10403
-10406
-10409
-10412
-10624
-10627
-10630
-10633
-10636
-10639
-10642
-10645
-10648
-10651
)


// ************************************************************************* //
