/*--------------------------------*- C++ -*----------------------------------*\
| =========                 |                                                 |
| \\      /  F ield         | OpenFOAM: The Open Source CFD Toolbox           |
|  \\    /   O peration     | Version:  2212                                  |
|   \\  /    A nd           | Website:  www.openfoam.com                      |
|    \\/     M anipulation  |                                                 |
\*---------------------------------------------------------------------------*/
FoamFile
{
    version     2.0;
    format      ascii;
    arch        "LSB;label=32;scalar=64";
    class       vectorField;
    location    "constant/solid/polyMesh";
    object      points;
}
// * * * * * * * * * * * * * * * * * * * * * * * * * * * * * * * * * * * * * //


1089
(
(15 15 1)
(16 15 1)
(17 15 1)
(18 15 1)
(19 15 1)
(20 15 1)
(21 15 1)
(22 15 1)
(23 15 1)
(24 15 1)
(25 15 1)
(15 16 1)
(16 16 1)
(17 16 1)
(18 16 1)
(19 16 1)
(20 16 1)
(21 16 1)
(22 16 1)
(23 16 1)
(24 16 1)
(25 16 1)
(15 17 1)
(16 17 1)
(17 17 1)
(18 17 1)
(19 17 1)
(20 17 1)
(21 17 1)
(22 17 1)
(23 17 1)
(24 17 1)
(25 17 1)
(15 18 1)
(16 18 1)
(17 18 1)
(18 18 1)
(19 18 1)
(20 18 1)
(21 18 1)
(22 18 1)
(23 18 1)
(24 18 1)
(25 18 1)
(15 19 1)
(16 19 1)
(17 19 1)
(18 19 1)
(19 19 1)
(20 19 1)
(21 19 1)
(22 19 1)
(23 19 1)
(24 19 1)
(25 19 1)
(15 20 1)
(16 20 1)
(17 20 1)
(18 20 1)
(19 20 1)
(20 20 1)
(21 20 1)
(22 20 1)
(23 20 1)
(24 20 1)
(25 20 1)
(15 21 1)
(16 21 1)
(17 21 1)
(18 21 1)
(19 21 1)
(20 21 1)
(21 21 1)
(22 21 1)
(23 21 1)
(24 21 1)
(25 21 1)
(15 22 1)
(16 22 1)
(17 22 1)
(18 22 1)
(19 22 1)
(20 22 1)
(21 22 1)
(22 22 1)
(23 22 1)
(24 22 1)
(25 22 1)
(15 23 1)
(16 23 1)
(17 23 1)
(18 23 1)
(19 23 1)
(20 23 1)
(21 23 1)
(22 23 1)
(23 23 1)
(24 23 1)
(25 23 1)
(15 24 1)
(16 24 1)
(17 24 1)
(18 24 1)
(19 24 1)
(20 24 1)
(21 24 1)
(22 24 1)
(23 24 1)
(24 24 1)
(25 24 1)
(15 25 1)
(16 25 1)
(17 25 1)
(18 25 1)
(19 25 1)
(20 25 1)
(21 25 1)
(22 25 1)
(23 25 1)
(24 25 1)
(25 25 1)
(15 15 2)
(16 15 2)
(17 15 2)
(18 15 2)
(19 15 2)
(20 15 2)
(21 15 2)
(22 15 2)
(23 15 2)
(24 15 2)
(25 15 2)
(15 16 2)
(16 16 2)
(17 16 2)
(18 16 2)
(19 16 2)
(20 16 2)
(21 16 2)
(22 16 2)
(23 16 2)
(24 16 2)
(25 16 2)
(15 17 2)
(16 17 2)
(17 17 2)
(18 17 2)
(19 17 2)
(20 17 2)
(21 17 2)
(22 17 2)
(23 17 2)
(24 17 2)
(25 17 2)
(15 18 2)
(16 18 2)
(17 18 2)
(18 18 2)
(19 18 2)
(20 18 2)
(21 18 2)
(22 18 2)
(23 18 2)
(24 18 2)
(25 18 2)
(15 19 2)
(16 19 2)
(17 19 2)
(18 19 2)
(19 19 2)
(20 19 2)
(21 19 2)
(22 19 2)
(23 19 2)
(24 19 2)
(25 19 2)
(15 20 2)
(16 20 2)
(17 20 2)
(18 20 2)
(19 20 2)
(20 20 2)
(21 20 2)
(22 20 2)
(23 20 2)
(24 20 2)
(25 20 2)
(15 21 2)
(16 21 2)
(17 21 2)
(18 21 2)
(19 21 2)
(20 21 2)
(21 21 2)
(22 21 2)
(23 21 2)
(24 21 2)
(25 21 2)
(15 22 2)
(16 22 2)
(17 22 2)
(18 22 2)
(19 22 2)
(20 22 2)
(21 22 2)
(22 22 2)
(23 22 2)
(24 22 2)
(25 22 2)
(15 23 2)
(16 23 2)
(17 23 2)
(18 23 2)
(19 23 2)
(20 23 2)
(21 23 2)
(22 23 2)
(23 23 2)
(24 23 2)
(25 23 2)
(15 24 2)
(16 24 2)
(17 24 2)
(18 24 2)
(19 24 2)
(20 24 2)
(21 24 2)
(22 24 2)
(23 24 2)
(24 24 2)
(25 24 2)
(15 25 2)
(16 25 2)
(17 25 2)
(18 25 2)
(19 25 2)
(20 25 2)
(21 25 2)
(22 25 2)
(23 25 2)
(24 25 2)
(25 25 2)
(15 15 3)
(16 15 3)
(17 15 3)
(18 15 3)
(19 15 3)
(20 15 3)
(21 15 3)
(22 15 3)
(23 15 3)
(24 15 3)
(25 15 3)
(15 16 3)
(16 16 3)
(17 16 3)
(18 16 3)
(19 16 3)
(20 16 3)
(21 16 3)
(22 16 3)
(23 16 3)
(24 16 3)
(25 16 3)
(15 17 3)
(16 17 3)
(17 17 3)
(18 17 3)
(19 17 3)
(20 17 3)
(21 17 3)
(22 17 3)
(23 17 3)
(24 17 3)
(25 17 3)
(15 18 3)
(16 18 3)
(17 18 3)
(18 18 3)
(19 18 3)
(20 18 3)
(21 18 3)
(22 18 3)
(23 18 3)
(24 18 3)
(25 18 3)
(15 19 3)
(16 19 3)
(17 19 3)
(18 19 3)
(19 19 3)
(20 19 3)
(21 19 3)
(22 19 3)
(23 19 3)
(24 19 3)
(25 19 3)
(15 20 3)
(16 20 3)
(17 20 3)
(18 20 3)
(19 20 3)
(20 20 3)
(21 20 3)
(22 20 3)
(23 20 3)
(24 20 3)
(25 20 3)
(15 21 3)
(16 21 3)
(17 21 3)
(18 21 3)
(19 21 3)
(20 21 3)
(21 21 3)
(22 21 3)
(23 21 3)
(24 21 3)
(25 21 3)
(15 22 3)
(16 22 3)
(17 22 3)
(18 22 3)
(19 22 3)
(20 22 3)
(21 22 3)
(22 22 3)
(23 22 3)
(24 22 3)
(25 22 3)
(15 23 3)
(16 23 3)
(17 23 3)
(18 23 3)
(19 23 3)
(20 23 3)
(21 23 3)
(22 23 3)
(23 23 3)
(24 23 3)
(25 23 3)
(15 24 3)
(16 24 3)
(17 24 3)
(18 24 3)
(19 24 3)
(20 24 3)
(21 24 3)
(22 24 3)
(23 24 3)
(24 24 3)
(25 24 3)
(15 25 3)
(16 25 3)
(17 25 3)
(18 25 3)
(19 25 3)
(20 25 3)
(21 25 3)
(22 25 3)
(23 25 3)
(24 25 3)
(25 25 3)
(15 15 4)
(16 15 4)
(17 15 4)
(18 15 4)
(19 15 4)
(20 15 4)
(21 15 4)
(22 15 4)
(23 15 4)
(24 15 4)
(25 15 4)
(15 16 4)
(16 16 4)
(17 16 4)
(18 16 4)
(19 16 4)
(20 16 4)
(21 16 4)
(22 16 4)
(23 16 4)
(24 16 4)
(25 16 4)
(15 17 4)
(16 17 4)
(17 17 4)
(18 17 4)
(19 17 4)
(20 17 4)
(21 17 4)
(22 17 4)
(23 17 4)
(24 17 4)
(25 17 4)
(15 18 4)
(16 18 4)
(17 18 4)
(18 18 4)
(19 18 4)
(20 18 4)
(21 18 4)
(22 18 4)
(23 18 4)
(24 18 4)
(25 18 4)
(15 19 4)
(16 19 4)
(17 19 4)
(18 19 4)
(19 19 4)
(20 19 4)
(21 19 4)
(22 19 4)
(23 19 4)
(24 19 4)
(25 19 4)
(15 20 4)
(16 20 4)
(17 20 4)
(18 20 4)
(19 20 4)
(20 20 4)
(21 20 4)
(22 20 4)
(23 20 4)
(24 20 4)
(25 20 4)
(15 21 4)
(16 21 4)
(17 21 4)
(18 21 4)
(19 21 4)
(20 21 4)
(21 21 4)
(22 21 4)
(23 21 4)
(24 21 4)
(25 21 4)
(15 22 4)
(16 22 4)
(17 22 4)
(18 22 4)
(19 22 4)
(20 22 4)
(21 22 4)
(22 22 4)
(23 22 4)
(24 22 4)
(25 22 4)
(15 23 4)
(16 23 4)
(17 23 4)
(18 23 4)
(19 23 4)
(20 23 4)
(21 23 4)
(22 23 4)
(23 23 4)
(24 23 4)
(25 23 4)
(15 24 4)
(16 24 4)
(17 24 4)
(18 24 4)
(19 24 4)
(20 24 4)
(21 24 4)
(22 24 4)
(23 24 4)
(24 24 4)
(25 24 4)
(15 25 4)
(16 25 4)
(17 25 4)
(18 25 4)
(19 25 4)
(20 25 4)
(21 25 4)
(22 25 4)
(23 25 4)
(24 25 4)
(25 25 4)
(15 15 5)
(16 15 5)
(17 15 5)
(18 15 5)
(19 15 5)
(20 15 5)
(21 15 5)
(22 15 5)
(23 15 5)
(24 15 5)
(25 15 5)
(15 16 5)
(16 16 5)
(17 16 5)
(18 16 5)
(19 16 5)
(20 16 5)
(21 16 5)
(22 16 5)
(23 16 5)
(24 16 5)
(25 16 5)
(15 17 5)
(16 17 5)
(17 17 5)
(18 17 5)
(19 17 5)
(20 17 5)
(21 17 5)
(22 17 5)
(23 17 5)
(24 17 5)
(25 17 5)
(15 18 5)
(16 18 5)
(17 18 5)
(18 18 5)
(19 18 5)
(20 18 5)
(21 18 5)
(22 18 5)
(23 18 5)
(24 18 5)
(25 18 5)
(15 19 5)
(16 19 5)
(17 19 5)
(18 19 5)
(19 19 5)
(20 19 5)
(21 19 5)
(22 19 5)
(23 19 5)
(24 19 5)
(25 19 5)
(15 20 5)
(16 20 5)
(17 20 5)
(18 20 5)
(19 20 5)
(20 20 5)
(21 20 5)
(22 20 5)
(23 20 5)
(24 20 5)
(25 20 5)
(15 21 5)
(16 21 5)
(17 21 5)
(18 21 5)
(19 21 5)
(20 21 5)
(21 21 5)
(22 21 5)
(23 21 5)
(24 21 5)
(25 21 5)
(15 22 5)
(16 22 5)
(17 22 5)
(18 22 5)
(19 22 5)
(20 22 5)
(21 22 5)
(22 22 5)
(23 22 5)
(24 22 5)
(25 22 5)
(15 23 5)
(16 23 5)
(17 23 5)
(18 23 5)
(19 23 5)
(20 23 5)
(21 23 5)
(22 23 5)
(23 23 5)
(24 23 5)
(25 23 5)
(15 24 5)
(16 24 5)
(17 24 5)
(18 24 5)
(19 24 5)
(20 24 5)
(21 24 5)
(22 24 5)
(23 24 5)
(24 24 5)
(25 24 5)
(15 25 5)
(16 25 5)
(17 25 5)
(18 25 5)
(19 25 5)
(20 25 5)
(21 25 5)
(22 25 5)
(23 25 5)
(24 25 5)
(25 25 5)
(15 15 6)
(16 15 6)
(17 15 6)
(18 15 6)
(19 15 6)
(20 15 6)
(21 15 6)
(22 15 6)
(23 15 6)
(24 15 6)
(25 15 6)
(15 16 6)
(16 16 6)
(17 16 6)
(18 16 6)
(19 16 6)
(20 16 6)
(21 16 6)
(22 16 6)
(23 16 6)
(24 16 6)
(25 16 6)
(15 17 6)
(16 17 6)
(17 17 6)
(18 17 6)
(19 17 6)
(20 17 6)
(21 17 6)
(22 17 6)
(23 17 6)
(24 17 6)
(25 17 6)
(15 18 6)
(16 18 6)
(17 18 6)
(18 18 6)
(19 18 6)
(20 18 6)
(21 18 6)
(22 18 6)
(23 18 6)
(24 18 6)
(25 18 6)
(15 19 6)
(16 19 6)
(17 19 6)
(18 19 6)
(19 19 6)
(20 19 6)
(21 19 6)
(22 19 6)
(23 19 6)
(24 19 6)
(25 19 6)
(15 20 6)
(16 20 6)
(17 20 6)
(18 20 6)
(19 20 6)
(20 20 6)
(21 20 6)
(22 20 6)
(23 20 6)
(24 20 6)
(25 20 6)
(15 21 6)
(16 21 6)
(17 21 6)
(18 21 6)
(19 21 6)
(20 21 6)
(21 21 6)
(22 21 6)
(23 21 6)
(24 21 6)
(25 21 6)
(15 22 6)
(16 22 6)
(17 22 6)
(18 22 6)
(19 22 6)
(20 22 6)
(21 22 6)
(22 22 6)
(23 22 6)
(24 22 6)
(25 22 6)
(15 23 6)
(16 23 6)
(17 23 6)
(18 23 6)
(19 23 6)
(20 23 6)
(21 23 6)
(22 23 6)
(23 23 6)
(24 23 6)
(25 23 6)
(15 24 6)
(16 24 6)
(17 24 6)
(18 24 6)
(19 24 6)
(20 24 6)
(21 24 6)
(22 24 6)
(23 24 6)
(24 24 6)
(25 24 6)
(15 25 6)
(16 25 6)
(17 25 6)
(18 25 6)
(19 25 6)
(20 25 6)
(21 25 6)
(22 25 6)
(23 25 6)
(24 25 6)
(25 25 6)
(15 15 7)
(16 15 7)
(17 15 7)
(18 15 7)
(19 15 7)
(20 15 7)
(21 15 7)
(22 15 7)
(23 15 7)
(24 15 7)
(25 15 7)
(15 16 7)
(16 16 7)
(17 16 7)
(18 16 7)
(19 16 7)
(20 16 7)
(21 16 7)
(22 16 7)
(23 16 7)
(24 16 7)
(25 16 7)
(15 17 7)
(16 17 7)
(17 17 7)
(18 17 7)
(19 17 7)
(20 17 7)
(21 17 7)
(22 17 7)
(23 17 7)
(24 17 7)
(25 17 7)
(15 18 7)
(16 18 7)
(17 18 7)
(18 18 7)
(19 18 7)
(20 18 7)
(21 18 7)
(22 18 7)
(23 18 7)
(24 18 7)
(25 18 7)
(15 19 7)
(16 19 7)
(17 19 7)
(18 19 7)
(19 19 7)
(20 19 7)
(21 19 7)
(22 19 7)
(23 19 7)
(24 19 7)
(25 19 7)
(15 20 7)
(16 20 7)
(17 20 7)
(18 20 7)
(19 20 7)
(20 20 7)
(21 20 7)
(22 20 7)
(23 20 7)
(24 20 7)
(25 20 7)
(15 21 7)
(16 21 7)
(17 21 7)
(18 21 7)
(19 21 7)
(20 21 7)
(21 21 7)
(22 21 7)
(23 21 7)
(24 21 7)
(25 21 7)
(15 22 7)
(16 22 7)
(17 22 7)
(18 22 7)
(19 22 7)
(20 22 7)
(21 22 7)
(22 22 7)
(23 22 7)
(24 22 7)
(25 22 7)
(15 23 7)
(16 23 7)
(17 23 7)
(18 23 7)
(19 23 7)
(20 23 7)
(21 23 7)
(22 23 7)
(23 23 7)
(24 23 7)
(25 23 7)
(15 24 7)
(16 24 7)
(17 24 7)
(18 24 7)
(19 24 7)
(20 24 7)
(21 24 7)
(22 24 7)
(23 24 7)
(24 24 7)
(25 24 7)
(15 25 7)
(16 25 7)
(17 25 7)
(18 25 7)
(19 25 7)
(20 25 7)
(21 25 7)
(22 25 7)
(23 25 7)
(24 25 7)
(25 25 7)
(15 15 8)
(16 15 8)
(17 15 8)
(18 15 8)
(19 15 8)
(20 15 8)
(21 15 8)
(22 15 8)
(23 15 8)
(24 15 8)
(25 15 8)
(15 16 8)
(16 16 8)
(17 16 8)
(18 16 8)
(19 16 8)
(20 16 8)
(21 16 8)
(22 16 8)
(23 16 8)
(24 16 8)
(25 16 8)
(15 17 8)
(16 17 8)
(17 17 8)
(18 17 8)
(19 17 8)
(20 17 8)
(21 17 8)
(22 17 8)
(23 17 8)
(24 17 8)
(25 17 8)
(15 18 8)
(16 18 8)
(17 18 8)
(18 18 8)
(19 18 8)
(20 18 8)
(21 18 8)
(22 18 8)
(23 18 8)
(24 18 8)
(25 18 8)
(15 19 8)
(16 19 8)
(17 19 8)
(18 19 8)
(19 19 8)
(20 19 8)
(21 19 8)
(22 19 8)
(23 19 8)
(24 19 8)
(25 19 8)
(15 20 8)
(16 20 8)
(17 20 8)
(18 20 8)
(19 20 8)
(20 20 8)
(21 20 8)
(22 20 8)
(23 20 8)
(24 20 8)
(25 20 8)
(15 21 8)
(16 21 8)
(17 21 8)
(18 21 8)
(19 21 8)
(20 21 8)
(21 21 8)
(22 21 8)
(23 21 8)
(24 21 8)
(25 21 8)
(15 22 8)
(16 22 8)
(17 22 8)
(18 22 8)
(19 22 8)
(20 22 8)
(21 22 8)
(22 22 8)
(23 22 8)
(24 22 8)
(25 22 8)
(15 23 8)
(16 23 8)
(17 23 8)
(18 23 8)
(19 23 8)
(20 23 8)
(21 23 8)
(22 23 8)
(23 23 8)
(24 23 8)
(25 23 8)
(15 24 8)
(16 24 8)
(17 24 8)
(18 24 8)
(19 24 8)
(20 24 8)
(21 24 8)
(22 24 8)
(23 24 8)
(24 24 8)
(25 24 8)
(15 25 8)
(16 25 8)
(17 25 8)
(18 25 8)
(19 25 8)
(20 25 8)
(21 25 8)
(22 25 8)
(23 25 8)
(24 25 8)
(25 25 8)
(15 15 9)
(16 15 9)
(17 15 9)
(18 15 9)
(19 15 9)
(20 15 9)
(21 15 9)
(22 15 9)
(23 15 9)
(24 15 9)
(25 15 9)
(15 16 9)
(16 16 9)
(17 16 9)
(18 16 9)
(19 16 9)
(20 16 9)
(21 16 9)
(22 16 9)
(23 16 9)
(24 16 9)
(25 16 9)
(15 17 9)
(16 17 9)
(17 17 9)
(18 17 9)
(19 17 9)
(20 17 9)
(21 17 9)
(22 17 9)
(23 17 9)
(24 17 9)
(25 17 9)
(15 18 9)
(16 18 9)
(17 18 9)
(18 18 9)
(19 18 9)
(20 18 9)
(21 18 9)
(22 18 9)
(23 18 9)
(24 18 9)
(25 18 9)
(15 19 9)
(16 19 9)
(17 19 9)
(18 19 9)
(19 19 9)
(20 19 9)
(21 19 9)
(22 19 9)
(23 19 9)
(24 19 9)
(25 19 9)
(15 20 9)
(16 20 9)
(17 20 9)
(18 20 9)
(19 20 9)
(20 20 9)
(21 20 9)
(22 20 9)
(23 20 9)
(24 20 9)
(25 20 9)
(15 21 9)
(16 21 9)
(17 21 9)
(18 21 9)
(19 21 9)
(20 21 9)
(21 21 9)
(22 21 9)
(23 21 9)
(24 21 9)
(25 21 9)
(15 22 9)
(16 22 9)
(17 22 9)
(18 22 9)
(19 22 9)
(20 22 9)
(21 22 9)
(22 22 9)
(23 22 9)
(24 22 9)
(25 22 9)
(15 23 9)
(16 23 9)
(17 23 9)
(18 23 9)
(19 23 9)
(20 23 9)
(21 23 9)
(22 23 9)
(23 23 9)
(24 23 9)
(25 23 9)
(15 24 9)
(16 24 9)
(17 24 9)
(18 24 9)
(19 24 9)
(20 24 9)
(21 24 9)
(22 24 9)
(23 24 9)
(24 24 9)
(25 24 9)
(15 25 9)
(16 25 9)
(17 25 9)
(18 25 9)
(19 25 9)
(20 25 9)
(21 25 9)
(22 25 9)
(23 25 9)
(24 25 9)
(25 25 9)
)


// ************************************************************************* //
