/*--------------------------------*- C++ -*----------------------------------*\
| =========                 |                                                 |
| \\      /  F ield         | OpenFOAM: The Open Source CFD Toolbox           |
|  \\    /   O peration     | Version:  2212                                  |
|   \\  /    A nd           | Website:  www.openfoam.com                      |
|    \\/     M anipulation  |                                                 |
\*---------------------------------------------------------------------------*/
FoamFile
{
    version     2.0;
    format      ascii;
    arch        "LSB;label=32;scalar=64";
    class       labelList;
    location    "constant/solid/polyMesh";
    object      pointRegionAddressing;
}
// * * * * * * * * * * * * * * * * * * * * * * * * * * * * * * * * * * * * * //


1089
(
9431
9432
9433
9434
9435
9436
9437
9438
9439
9440
9441
9512
9513
9514
9515
9516
9517
9518
9519
9520
9521
9522
9593
9594
9595
9596
9597
9598
9599
9600
9601
9602
9603
9674
9675
9676
9677
9678
9679
9680
9681
9682
9683
9684
9755
9756
9757
9758
9759
9760
9761
9762
9763
9764
9765
9836
9837
9838
9839
9840
9841
9842
9843
9844
9845
9846
9917
9918
9919
9920
9921
9922
9923
9924
9925
9926
9927
9998
9999
10000
10001
10002
10003
10004
10005
10006
10007
10008
10079
10080
10081
10082
10083
10084
10085
10086
10087
10088
10089
10160
10161
10162
10163
10164
10165
10166
10167
10168
10169
10170
10241
10242
10243
10244
10245
10246
10247
10248
10249
10250
10251
15992
15993
15994
15995
15996
15997
15998
15999
16000
16001
16002
16073
16074
16075
16076
16077
16078
16079
16080
16081
16082
16083
16154
16155
16156
16157
16158
16159
16160
16161
16162
16163
16164
16235
16236
16237
16238
16239
16240
16241
16242
16243
16244
16245
16316
16317
16318
16319
16320
16321
16322
16323
16324
16325
16326
16397
16398
16399
16400
16401
16402
16403
16404
16405
16406
16407
16478
16479
16480
16481
16482
16483
16484
16485
16486
16487
16488
16559
16560
16561
16562
16563
16564
16565
16566
16567
16568
16569
16640
16641
16642
16643
16644
16645
16646
16647
16648
16649
16650
16721
16722
16723
16724
16725
16726
16727
16728
16729
16730
16731
16802
16803
16804
16805
16806
16807
16808
16809
16810
16811
16812
22553
22554
22555
22556
22557
22558
22559
22560
22561
22562
22563
22634
22635
22636
22637
22638
22639
22640
22641
22642
22643
22644
22715
22716
22717
22718
22719
22720
22721
22722
22723
22724
22725
22796
22797
22798
22799
22800
22801
22802
22803
22804
22805
22806
22877
22878
22879
22880
22881
22882
22883
22884
22885
22886
22887
22958
22959
22960
22961
22962
22963
22964
22965
22966
22967
22968
23039
23040
23041
23042
23043
23044
23045
23046
23047
23048
23049
23120
23121
23122
23123
23124
23125
23126
23127
23128
23129
23130
23201
23202
23203
23204
23205
23206
23207
23208
23209
23210
23211
23282
23283
23284
23285
23286
23287
23288
23289
23290
23291
23292
23363
23364
23365
23366
23367
23368
23369
23370
23371
23372
23373
29114
29115
29116
29117
29118
29119
29120
29121
29122
29123
29124
29195
29196
29197
29198
29199
29200
29201
29202
29203
29204
29205
29276
29277
29278
29279
29280
29281
29282
29283
29284
29285
29286
29357
29358
29359
29360
29361
29362
29363
29364
29365
29366
29367
29438
29439
29440
29441
29442
29443
29444
29445
29446
29447
29448
29519
29520
29521
29522
29523
29524
29525
29526
29527
29528
29529
29600
29601
29602
29603
29604
29605
29606
29607
29608
29609
29610
29681
29682
29683
29684
29685
29686
29687
29688
29689
29690
29691
29762
29763
29764
29765
29766
29767
29768
29769
29770
29771
29772
29843
29844
29845
29846
29847
29848
29849
29850
29851
29852
29853
29924
29925
29926
29927
29928
29929
29930
29931
29932
29933
29934
35675
35676
35677
35678
35679
35680
35681
35682
35683
35684
35685
35756
35757
35758
35759
35760
35761
35762
35763
35764
35765
35766
35837
35838
35839
35840
35841
35842
35843
35844
35845
35846
35847
35918
35919
35920
35921
35922
35923
35924
35925
35926
35927
35928
35999
36000
36001
36002
36003
36004
36005
36006
36007
36008
36009
36080
36081
36082
36083
36084
36085
36086
36087
36088
36089
36090
36161
36162
36163
36164
36165
36166
36167
36168
36169
36170
36171
36242
36243
36244
36245
36246
36247
36248
36249
36250
36251
36252
36323
36324
36325
36326
36327
36328
36329
36330
36331
36332
36333
36404
36405
36406
36407
36408
36409
36410
36411
36412
36413
36414
36485
36486
36487
36488
36489
36490
36491
36492
36493
36494
36495
42236
42237
42238
42239
42240
42241
42242
42243
42244
42245
42246
42317
42318
42319
42320
42321
42322
42323
42324
42325
42326
42327
42398
42399
42400
42401
42402
42403
42404
42405
42406
42407
42408
42479
42480
42481
42482
42483
42484
42485
42486
42487
42488
42489
42560
42561
42562
42563
42564
42565
42566
42567
42568
42569
42570
42641
42642
42643
42644
42645
42646
42647
42648
42649
42650
42651
42722
42723
42724
42725
42726
42727
42728
42729
42730
42731
42732
42803
42804
42805
42806
42807
42808
42809
42810
42811
42812
42813
42884
42885
42886
42887
42888
42889
42890
42891
42892
42893
42894
42965
42966
42967
42968
42969
42970
42971
42972
42973
42974
42975
43046
43047
43048
43049
43050
43051
43052
43053
43054
43055
43056
48797
48798
48799
48800
48801
48802
48803
48804
48805
48806
48807
48878
48879
48880
48881
48882
48883
48884
48885
48886
48887
48888
48959
48960
48961
48962
48963
48964
48965
48966
48967
48968
48969
49040
49041
49042
49043
49044
49045
49046
49047
49048
49049
49050
49121
49122
49123
49124
49125
49126
49127
49128
49129
49130
49131
49202
49203
49204
49205
49206
49207
49208
49209
49210
49211
49212
49283
49284
49285
49286
49287
49288
49289
49290
49291
49292
49293
49364
49365
49366
49367
49368
49369
49370
49371
49372
49373
49374
49445
49446
49447
49448
49449
49450
49451
49452
49453
49454
49455
49526
49527
49528
49529
49530
49531
49532
49533
49534
49535
49536
49607
49608
49609
49610
49611
49612
49613
49614
49615
49616
49617
55358
55359
55360
55361
55362
55363
55364
55365
55366
55367
55368
55439
55440
55441
55442
55443
55444
55445
55446
55447
55448
55449
55520
55521
55522
55523
55524
55525
55526
55527
55528
55529
55530
55601
55602
55603
55604
55605
55606
55607
55608
55609
55610
55611
55682
55683
55684
55685
55686
55687
55688
55689
55690
55691
55692
55763
55764
55765
55766
55767
55768
55769
55770
55771
55772
55773
55844
55845
55846
55847
55848
55849
55850
55851
55852
55853
55854
55925
55926
55927
55928
55929
55930
55931
55932
55933
55934
55935
56006
56007
56008
56009
56010
56011
56012
56013
56014
56015
56016
56087
56088
56089
56090
56091
56092
56093
56094
56095
56096
56097
56168
56169
56170
56171
56172
56173
56174
56175
56176
56177
56178
61919
61920
61921
61922
61923
61924
61925
61926
61927
61928
61929
62000
62001
62002
62003
62004
62005
62006
62007
62008
62009
62010
62081
62082
62083
62084
62085
62086
62087
62088
62089
62090
62091
62162
62163
62164
62165
62166
62167
62168
62169
62170
62171
62172
62243
62244
62245
62246
62247
62248
62249
62250
62251
62252
62253
62324
62325
62326
62327
62328
62329
62330
62331
62332
62333
62334
62405
62406
62407
62408
62409
62410
62411
62412
62413
62414
62415
62486
62487
62488
62489
62490
62491
62492
62493
62494
62495
62496
62567
62568
62569
62570
62571
62572
62573
62574
62575
62576
62577
62648
62649
62650
62651
62652
62653
62654
62655
62656
62657
62658
62729
62730
62731
62732
62733
62734
62735
62736
62737
62738
62739
)


// ************************************************************************* //
