/*--------------------------------*- C++ -*----------------------------------*\
| =========                 |                                                 |
| \\      /  F ield         | OpenFOAM: The Open Source CFD Toolbox           |
|  \\    /   O peration     | Version:  2212                                  |
|   \\  /    A nd           | Website:  www.openfoam.com                      |
|    \\/     M anipulation  |                                                 |
\*---------------------------------------------------------------------------*/
FoamFile
{
    version     2.0;
    format      ascii;
    arch        "LSB;label=32;scalar=64";
    class       regIOobject;
    location    "constant/atrium/polyMesh";
    object      faceZones;
    meta
    {
        names           2 ( atrium building );
    }
}
// * * * * * * * * * * * * * * * * * * * * * * * * * * * * * * * * * * * * * //

2
(atrium
{
    type            faceZone;
    faceLabels      List<label> 
5540
(
66554
66555
66556
66557
66558
66559
66560
66561
66562
66563
66564
66565
66566
66567
66568
66569
66570
66571
66572
66573
66574
66575
66576
66577
66578
66579
66580
66581
66582
66583
66584
66585
66586
66587
66588
66589
66590
66591
66592
66593
66594
66595
66596
66597
66598
66599
66600
66601
66602
66603
66604
66605
66606
66607
66608
66609
66610
66611
66612
66613
66614
66615
66616
66617
66618
66619
66620
66621
66622
66623
66624
66625
66626
66627
66628
66629
66630
66631
66632
66633
66634
66635
66636
66637
66638
66639
66640
66641
66642
66643
66644
66645
66646
66647
66648
66649
66650
66651
66652
66653
66654
66655
66656
66657
66658
66659
66660
66661
66662
66663
66664
66665
66666
66667
66668
66669
66670
66671
66672
66673
66674
66675
66676
66677
66678
66679
66680
66681
66682
66683
66684
66685
66686
66687
66688
66689
66690
66691
66692
66693
66694
66695
66696
66697
66698
66699
66700
66701
66702
66703
66704
66705
66706
66707
66708
66709
66710
66711
66712
66713
66714
66715
66716
66717
66718
66719
66720
66721
66722
66723
66724
66725
66726
66727
66728
66729
66730
66731
66732
66733
66734
66735
66736
66737
66738
66739
66740
66741
66742
66743
66744
66745
66746
66747
66748
66749
66750
66751
66752
66753
66754
66755
66756
66757
66758
66759
66760
66761
66762
66763
66764
66765
66766
66767
66768
66769
66770
66771
66772
66773
66774
66775
66776
66777
66778
66779
66780
66781
66782
66783
66784
66785
66786
66787
66788
66789
66790
66791
66792
66793
66794
66795
66796
66797
66798
66799
66800
66801
66802
66803
66804
66805
66806
66807
66808
66809
66810
66811
66812
66813
66814
66815
66816
66817
66818
66819
66820
66821
66822
66823
66824
66825
66826
66827
66828
66829
66830
66831
66832
66833
66834
66835
66836
66837
66838
66839
66840
66841
66842
66843
66844
66845
66846
66847
66848
66849
66850
66851
66852
66853
66854
66855
66856
66857
66858
66859
66860
66861
66862
66863
66864
66865
66866
66867
66868
66869
66870
66871
66872
66873
66874
66875
66876
66877
66878
66879
66880
66881
66882
66883
66884
66885
66886
66887
66888
66889
66890
66891
66892
66893
66894
66895
66896
66897
66898
66899
66900
66901
66902
66903
66904
66905
66906
66907
66908
66909
66910
66911
66912
66913
66914
66915
66916
66917
66918
66919
66920
66921
66922
66923
66924
66925
66926
66927
66928
66929
66930
66931
66932
66933
66934
66935
66936
66937
66938
66939
66940
66941
66942
66943
66944
66945
66946
66947
66948
66949
66950
66951
66952
66953
66954
66955
66956
66957
66958
66959
66960
66961
66962
66963
66964
66965
66966
66967
66968
66969
66970
66971
66972
66973
66974
66975
66976
66977
66978
66979
66980
66981
66982
66983
66984
66985
66986
66987
66988
66989
66990
66991
66992
66993
66994
66995
66996
66997
66998
66999
67000
67001
67002
67003
67004
67005
67006
67007
67008
67009
67010
67011
67012
67013
67014
67015
67016
67017
67018
67019
67020
67021
67022
67023
67024
67025
67026
67027
67028
67029
67030
67031
67032
67033
67034
67035
67036
67037
67038
67039
67040
67041
67042
67043
67044
67045
67046
67047
67048
67049
67050
67051
67052
67053
67054
67055
67056
67057
67058
67059
67060
67061
67062
67063
67064
67065
67066
67067
67068
67069
67070
67071
67072
67073
67074
67075
67076
67077
67078
67079
67080
67081
67082
67083
67084
67085
67086
67087
67088
67089
67090
67091
67092
67093
67094
67095
67096
67097
67098
67099
67100
67101
67102
67103
67104
67105
67106
67107
67108
67109
67110
67111
67112
67113
67114
67115
67116
67117
67118
67119
67120
67121
67122
67123
67124
67125
67126
67127
67128
67129
67130
67131
67132
67133
67134
67135
67136
67137
67138
67139
67140
67141
67142
67143
67144
67145
67146
67147
67148
67149
67150
67151
67152
67153
67154
67155
67156
67157
67158
67159
67160
67161
67162
67163
67164
67165
67166
67167
67168
67169
67170
67171
67172
67173
67174
67175
67176
67177
67178
67179
67180
67181
67182
67183
67184
67185
67186
67187
67188
67189
67190
67191
67192
67193
67194
67195
67196
67197
67198
67199
67200
67201
67202
67203
67204
67205
67206
67207
67208
67209
67210
67211
67212
67213
67214
67215
67216
67217
67218
67219
67220
67221
67222
67223
67224
67225
67226
67227
67228
67229
67230
67231
67232
67233
67234
67235
67236
67237
67238
67239
67240
67241
67242
67243
67244
67245
67246
67247
67248
67249
67250
67251
67252
67253
67254
67255
67256
67257
67258
67259
67260
67261
67262
67263
67264
67265
67266
67267
67268
67269
67270
67271
67272
67273
67274
67275
67276
67277
67278
67279
67280
67281
67282
67283
67284
67285
67286
67287
67288
67289
67290
67291
67292
67293
67294
67295
67296
67297
67298
67299
67300
67301
67302
67303
67304
67305
67306
67307
67308
67309
67310
67311
67312
67313
67314
67315
67316
67317
67318
67319
67320
67321
67322
67323
67324
67325
67326
67327
67328
67329
67330
67331
67332
67333
67334
67335
67336
67337
67338
67339
67340
67341
67342
67343
67344
67345
67346
67347
67348
67349
67350
67351
67352
67353
67354
67355
67356
67357
67358
67359
67360
67361
67362
67363
67364
67365
67366
67367
67368
67369
67370
67371
67372
67373
67374
67375
67376
67377
67378
67379
67380
67381
67382
67383
67384
67385
67386
67387
67388
67389
67390
67391
67392
67393
67394
67395
67396
67397
67398
67399
67400
67401
67402
67403
67404
67405
67406
67407
67408
67409
67410
67411
67412
67413
67414
67415
67416
67417
67418
67419
67420
67421
67422
67423
67424
67425
67426
67427
67428
67429
67430
67431
67432
67433
67434
67435
67436
67437
67438
67439
67440
67441
67442
67443
67444
67445
67446
67447
67448
67449
67450
67451
67452
67453
67454
67455
67456
67457
67458
67459
67460
67461
67462
67463
67464
67465
67466
67467
67468
67469
67470
67471
67472
67473
67474
67475
67476
67477
67478
67479
67480
67481
67482
67483
67484
67493
67494
67495
67497
67498
67499
67500
67502
67515
67516
67518
67520
67524
67531
67546
67547
67548
67550
67551
67553
67554
67555
67558
67560
67562
67570
67572
67578
67580
67584
67591
67597
67610
67612
67629
67630
67632
67633
67634
67649
67650
67652
67653
67654
67656
67657
67658
67669
67670
67673
67674
67678
67680
67681
67689
67690
67692
67715
67716
67717
67718
67720
67721
67732
67736
67738
67739
67740
67741
67742
67743
67744
67745
67746
67747
67748
67751
67752
67753
67755
67756
67757
67759
67767
67769
67774
67775
67776
67778
67782
67783
67784
67785
67786
67787
67788
67790
67791
67792
67793
67797
67802
67810
67811
67814
67823
67827
67829
67830
67832
67833
67834
67835
67846
67847
67849
67850
67851
67855
67856
67857
67858
67859
67860
67862
67865
67866
67867
67868
67869
67871
67879
67887
67888
67889
67891
67892
67893
67896
67901
67905
67907
67910
67913
67914
67926
67930
67931
67932
67933
67934
67936
67937
67938
67939
67940
67941
67942
67943
67945
67948
67950
67951
67952
67953
67956
67957
67958
67959
67960
67961
67962
67963
67967
67968
67970
67971
67972
67973
67976
67977
67978
67979
67980
67981
67984
67987
67988
67990
67991
67992
67993
67996
67997
67998
68001
68004
68007
68008
68010
68011
68012
68013
68015
68016
68017
68018
68021
68027
68028
68029
68030
68031
68032
68033
68034
68035
68036
68037
68038
68039
68040
68043
68044
68049
68066
68067
68068
68069
68070
68071
68072
68073
68074
68075
68076
68077
68078
68079
68080
68081
68082
68083
68084
68089
68093
68095
68100
68106
68115
68116
68118
68122
68123
68124
68125
68126
68127
68128
68129
68130
68131
68132
68133
68135
68136
68138
68139
68140
68141
68142
68143
68144
68147
68149
68152
68155
68156
68157
68158
68159
68160
68163
68165
68166
68167
68168
68169
68173
68186
68188
68189
68190
68191
68194
68195
68196
68198
68199
68210
68211
68214
68215
68216
68217
68218
68219
68220
68225
68227
68229
68231
68235
68239
68245
68247
68250
68252
68254
68255
68256
68257
68258
68259
68264
68266
68267
68269
68270
68289
68290
68291
68292
68293
68295
68297
68305
68306
68307
68310
68311
68312
68313
68314
68315
68316
68317
68318
68319
68320
68321
68322
68323
68324
68325
68326
68327
68328
68330
68331
68336
68340
68341
68342
68343
68344
68345
68346
68347
68348
68349
68350
68351
68352
68354
68358
68360
68361
68369
68371
68373
68374
68375
68376
68377
68378
68380
68386
68392
68393
68394
68398
68400
68402
68403
68404
68405
68406
68407
68408
68410
68413
68416
68419
68422
68425
68438
68439
68441
68442
68443
68444
68445
68446
68447
68448
68449
68450
68451
68452
68453
68454
68455
68456
68458
68462
68466
68467
68469
68471
68472
68473
68474
68475
68476
68477
68479
68481
68484
68518
68522
68523
68524
68525
68527
68528
68530
68531
68532
68533
68534
68535
68536
68537
68538
68539
68540
68541
68542
68543
68544
68546
68553
68557
68559
68561
68562
68567
68570
68602
68603
68607
68608
68609
68610
68612
68613
68615
68616
68617
68618
68619
68620
68621
68622
68625
68626
68627
68634
68636
68646
68648
68652
68654
68687
68688
68689
68690
68692
68693
68694
68695
68697
68698
68700
68701
68702
68703
68704
68705
68706
68707
68712
68731
68733
68737
68738
68740
68743
68750
68752
68772
68773
68774
68775
68777
68778
68779
68780
68782
68783
68785
68786
68787
68788
68789
68790
68791
68792
68797
68799
68802
68803
68804
68807
68816
68822
68823
68824
68826
68827
68828
68831
68833
68834
68836
68837
68839
68840
68842
68843
68844
68845
68848
68851
68853
68854
68856
68859
68860
68861
68862
68869
68870
68961
68963
68964
68968
68969
68970
68971
68972
68973
68974
68975
68976
68977
68979
68980
68984
68985
68986
68988
68989
69027
69028
69029
69032
69034
69037
69039
69041
69042
69043
69044
69045
69046
69048
69050
69051
69052
69053
69054
69055
69056
69057
69059
69060
69061
69062
69063
69064
69065
69066
69067
69068
69069
69070
69071
69072
69073
69074
69075
69076
69077
69078
69079
69080
69081
69082
69083
69084
69085
69086
69087
69088
69089
69090
69091
69092
69093
69094
69095
69096
69098
69099
69101
69103
69104
69105
69106
69107
69108
69109
69110
69111
69112
69113
69114
69115
69116
69118
69119
69120
69121
69122
69123
69124
69125
69126
69127
69128
69129
69130
69131
69132
69133
69134
69135
69136
69137
69138
69139
69140
69141
69143
69145
69147
69148
69150
69152
69156
69157
69158
69159
69160
69163
69164
69167
69169
69173
69176
69179
69184
69190
69192
69193
69197
69201
69203
69209
69212
69216
69218
69219
69220
69221
69222
69223
69224
69225
69226
69227
69228
69229
69230
69231
69232
69233
69234
69235
69236
69237
69238
69249
69250
69251
69252
69253
69254
69255
69256
69257
69258
69259
69260
69261
69262
69263
69264
69265
69266
69267
69268
69269
69270
69271
69272
69275
69277
69279
69280
69281
69283
69284
69292
69293
69294
69296
69298
69299
69300
69301
69302
69303
69304
69307
69311
69315
69321
69331
69334
69349
69358
69359
69360
69361
69363
69367
69374
69377
69382
69384
69403
69405
69407
69417
69418
69419
69420
69421
69429
69430
69432
69433
69434
69435
69436
69437
69438
69439
69440
69441
69442
69444
69445
69446
69447
69448
69449
69450
69451
69452
69487
69488
69490
69494
69495
69496
69507
69508
69509
69510
69511
69512
69513
69514
69515
69516
69517
69518
69519
69520
69521
69522
69523
69524
69525
69526
69527
69528
69529
69530
69538
69539
69540
69541
69549
69550
69551
69554
69555
69556
69557
69560
69562
69563
69566
69570
69575
69583
69609
69610
69611
69612
69613
69614
69616
69617
69618
69620
69621
69625
69627
69629
69630
69631
69634
69636
69640
69642
69645
69646
69647
69653
69655
69656
69664
69665
69666
69668
69669
69676
69677
69678
69681
69682
69683
69684
69685
69686
69687
69688
69695
69696
69697
69698
69700
69701
69703
69704
69705
69706
69707
69708
69715
69716
69717
69718
69719
69720
69721
69722
69723
69724
69725
69726
69727
69728
69737
69739
69783
69786
69787
69789
69800
69801
69802
69803
69804
69805
69806
69807
69808
69809
69810
69811
69813
69814
69815
69817
69818
69819
69824
69825
69827
69828
69829
69830
69831
69832
69833
69834
69835
69837
69838
69839
69840
69841
69842
69843
69844
69845
69846
69847
69848
69849
69850
69851
69852
69853
69854
69855
69856
69857
69858
69859
69860
69861
69862
69863
69864
69865
69866
69876
69877
69878
69879
69881
69883
69884
69885
69886
69887
69888
69889
69890
69891
69892
69893
69894
69898
69900
69901
69902
69907
69908
69910
69911
69912
69913
69914
69915
69916
69917
69918
69920
69921
69922
69923
69924
69925
69926
69927
69928
69929
69930
69931
69932
69933
69934
69935
69936
69937
69938
69939
69940
69942
69943
69944
69945
69947
69956
69957
69958
69959
69960
69961
69962
69963
69964
69965
69966
69967
69968
69969
69970
69971
69972
69973
69974
69975
69976
69977
69981
69983
69984
69985
69990
69991
69993
69994
69995
69996
69997
69998
69999
70000
70001
70002
70003
70004
70005
70006
70007
70008
70009
70010
70011
70013
70014
70015
70016
70017
70018
70019
70020
70023
70024
70025
70027
70028
70039
70040
70041
70042
70043
70044
70045
70046
70047
70048
70049
70050
70051
70052
70053
70054
70055
70056
70057
70058
70059
70060
70064
70066
70067
70068
70073
70074
70075
70076
70077
70078
70079
70080
70081
70082
70083
70084
70085
70086
70087
70088
70089
70090
70091
70098
70099
70100
70101
70102
70108
70109
70110
70111
70113
70122
70123
70124
70125
70126
70127
70128
70129
70130
70131
70132
70133
70134
70135
70136
70137
70138
70139
70140
70141
70142
70143
70146
70147
70149
70150
70151
70153
70154
70155
70156
70157
70158
70159
70160
70161
70162
70163
70164
70165
70166
70167
70168
70169
70170
70171
70172
70173
70174
70183
70190
70193
70194
70195
70196
70205
70206
70207
70208
70209
70210
70211
70212
70213
70214
70215
70216
70217
70218
70219
70220
70221
70222
70223
70224
70225
70226
70227
70228
70229
70230
70231
70232
70233
70234
70235
70236
70237
70238
70239
70241
70242
70243
70244
70245
70246
70247
70248
70250
70251
70252
70253
70254
70255
70256
70257
70258
70259
70260
70262
70263
70264
70265
70266
70267
70268
70269
70270
70272
70274
70275
70276
70277
70278
70279
70281
70283
70284
70286
70287
70290
70291
70293
70294
70295
70296
70303
70304
70307
70358
70359
70360
70361
70362
70363
70364
70365
70366
70367
70368
70370
70372
70373
70374
70375
70376
70377
70379
70381
70382
70383
70384
70385
70386
70387
70388
70389
70390
70391
70392
70393
70394
70395
70396
70397
70398
70399
70400
70401
70402
70403
70404
70405
70406
70407
70408
70409
70410
70411
70412
70413
70414
70416
70417
70418
70419
70420
70421
70422
70423
70424
70425
70426
70427
70428
70429
70430
70431
70432
70433
70434
70435
70436
70437
70438
70439
70440
70441
70442
70443
70444
70445
70447
70448
70450
70451
70452
70453
70454
70455
70456
70457
70458
70459
70460
70461
70462
70463
70464
70465
70466
70467
70475
70484
70490
70492
70493
70496
70497
70499
70500
70501
70503
70505
70506
70507
70508
70509
70512
70513
70516
70518
70522
70525
70528
70531
70533
70536
70537
70539
70540
70541
70542
70548
70549
70550
70551
70552
70556
70588
70589
70590
70591
70592
70593
70594
70595
70596
70597
70598
70599
70600
70601
70602
70603
70604
70605
70640
70641
70642
70643
70645
70646
70647
70648
70649
70653
70654
70656
70659
70662
70666
70669
70670
70671
70672
70712
70715
70716
70717
70718
70722
70723
70725
70727
70728
70730
70732
70733
70735
70738
70739
70740
70741
70766
70784
70786
70787
70791
70792
70794
70797
70799
70801
70802
70804
70806
70807
70808
70809
70810
70811
70812
70813
70814
70861
70863
70864
70865
70867
70869
70870
70874
70875
70877
70880
70881
70882
70883
70884
70886
70887
70934
70935
70936
70937
70938
70940
70943
70947
70948
70950
70953
70954
70955
70956
70963
70964
70965
70966
70968
70969
70970
70974
71007
71008
71009
71010
71011
71013
71016
71018
71020
71021
71024
71025
71026
71027
71028
71029
71034
71035
71036
71037
71038
71039
71041
71042
71044
71045
71048
71051
71078
71079
71080
71081
71082
71083
71084
71086
71089
71096
71097
71099
71100
71101
71102
71107
71110
71121
71122
71128
71132
71134
71158
71160
71161
71164
71165
71166
71167
71168
71169
71170
71171
71172
71173
71174
71175
71176
71177
71178
71179
71183
71184
71185
71186
71187
71188
71189
71192
71193
71194
71195
71196
71197
71198
71201
71202
71203
71204
71205
71206
71207
71212
71236
71238
71240
71241
71242
71243
71244
71246
71248
71249
71250
71264
71265
71266
71267
71268
71269
71271
71273
71274
71275
71276
71277
71278
71280
71282
71284
71287
71288
71289
71290
71291
71293
71294
71295
71296
71299
71301
71302
71304
71306
71309
71312
71315
71316
71317
71318
71319
71320
71322
71323
71325
71327
71329
71331
71333
71334
71335
71336
71337
71338
71342
71347
71364
71370
71371
71372
71373
71376
71377
71380
71381
71383
71384
71387
71388
71389
71390
71391
71392
71393
71394
71395
71396
71397
71399
71401
71402
71403
71404
71405
71406
71407
71408
71409
71410
71411
71412
71413
71414
71415
71416
71417
71418
71419
71420
71421
71422
71423
71424
71425
71426
71427
71428
71429
71430
71431
71432
71433
71434
71435
71436
71437
71438
71439
71440
71444
71445
71446
71448
71449
71461
71463
71464
71465
71466
71467
71468
71470
71472
71473
71474
71488
71489
71490
71491
71492
71493
71495
71497
71498
71499
71500
71504
71506
71507
71511
71512
71514
71516
71517
71518
71519
71520
71521
71523
71524
71527
71529
71533
71536
71539
71543
71544
71547
71548
71550
71551
71552
71553
71557
71558
71559
71560
71561
71562
71577
71578
71579
71580
71581
71582
71583
71584
71585
71587
71588
71590
71591
71594
71596
71597
71599
71600
71601
71602
71603
71604
71605
71606
71608
71610
71611
71613
71614
71616
71617
71619
71620
71621
71622
71623
71625
71628
71629
71630
71638
71640
71647
71656
71685
71687
71688
71689
71691
71692
71694
71696
71697
71698
71703
71709
71710
71711
71712
71713
71714
71715
71716
71718
71719
71720
71721
71722
71723
71724
71725
71726
71727
71728
71729
71730
71731
71732
71733
71734
71735
71737
71739
71740
71741
71742
71743
71744
71749
71751
71754
71756
71758
71760
71761
71762
71763
71764
71766
71767
71768
71771
71773
71776
71777
71778
71780
71783
71786
71787
71788
71791
71792
71793
71794
71795
71796
71797
71799
71801
71802
71803
71804
71805
71806
71810
71812
71814
71815
71816
71817
71818
71819
71820
71821
71822
71823
71824
71825
71826
71827
71828
71838
71948
71950
71951
71952
71957
71959
71960
71961
71962
71963
71964
71965
71966
71967
71968
71969
71970
71971
71972
71973
71974
71975
71976
71977
71978
71979
71980
71981
71982
71983
71984
71985
71986
71987
71988
71989
71990
71991
71992
71993
71994
71995
71996
71997
71998
72000
72002
72003
72004
72005
72006
72007
72008
72009
72012
72014
72017
72018
72023
72024
72025
72026
72027
72028
72029
72030
72031
72034
72036
72038
72040
72043
72046
72049
72050
72053
72055
72056
72059
72060
72064
72065
72066
72067
72068
72069
72070
72075
72076
72077
72085
72086
72094
72095
72096
72103
72104
72105
72107
72200
72201
72202
72204
72205
72206
72210
72212
72213
72214
72219
72221
72222
72223
72224
72225
72226
72227
72228
72229
72230
72231
72232
72233
72234
72235
72236
72237
72238
72239
72240
72241
72242
72243
72244
72245
72246
72247
72248
72249
72250
72251
72252
72253
72254
72255
72256
72257
72258
72259
72260
72262
72264
72265
72266
72267
72270
72272
72273
72274
72276
72277
72282
72283
72286
72287
72288
72292
72293
72296
72298
72302
72305
72308
72310
72313
72316
72317
72318
72320
72321
72322
72326
72327
72328
72329
72330
72331
72353
72355
72356
72357
72358
72362
72363
72364
72367
72373
72378
72383
72384
72387
72461
72462
72463
72464
72465
72466
72467
72468
72469
72470
72472
72474
72475
72476
72479
72481
72483
72484
72485
72486
72487
72488
72489
72490
72491
72492
72493
72494
72495
72496
72497
72498
72499
72500
72501
72502
72503
72504
72505
72506
72507
72508
72509
72510
72511
72512
72513
72514
72515
72516
72517
72518
72519
72520
72521
72522
72524
72526
72527
72528
72529
72532
72534
72535
72536
72538
72539
72542
72543
72544
72545
72546
72547
72548
72549
72550
72551
72553
72554
72555
72557
72558
72560
72563
72564
72565
72567
72570
72579
72580
72582
72583
72584
72588
72589
72590
72591
72592
72593
72594
72618
72619
72620
72625
72626
72627
72628
72629
72634
72635
72636
72640
72641
72644
72645
72646
72647
72649
72650
72656
72658
72663
72723
72724
72725
72726
72727
72728
72729
72730
72731
72732
72734
72736
72737
72738
72740
72741
72742
72744
72746
72747
72748
72749
72750
72751
72752
72753
72754
72755
72756
72757
72758
72759
72760
72761
72762
72763
72764
72765
72766
72767
72768
72769
72770
72771
72772
72773
72774
72775
72776
72777
72778
72779
72780
72781
72782
72783
72784
72786
72788
72789
72790
72791
72794
72796
72799
72801
72802
72805
72806
72808
72809
72810
72811
72812
72814
72815
72817
72819
72820
72822
72825
72827
72830
72836
72839
72844
72845
72846
72848
72850
72851
72852
72853
72854
72855
72856
72877
72878
72879
72880
72881
72882
72883
72884
72885
72886
72887
72888
72889
72890
72891
72892
72893
72894
72895
72896
72897
72898
72899
72900
72901
72902
72903
72904
72905
72906
72907
72908
72909
72910
72911
72912
72913
72914
72915
72916
72917
72918
72919
72920
72921
72922
72923
72924
72925
72926
72927
72928
72929
72930
72931
72932
72933
72934
72935
72936
72937
72938
72939
72940
72941
72942
72943
72944
72945
72946
72947
72948
72949
72950
72951
72952
72953
72954
72955
72956
72957
72958
72959
72960
72961
72962
72963
72964
72965
72966
72967
72968
72969
72970
72971
72972
72973
72974
72975
72976
72977
72978
72979
72980
72981
72982
72983
72984
72985
72986
72987
72988
72989
72990
72991
72992
72993
72994
72995
72996
72997
72998
72999
73000
73001
73002
73003
73004
73005
73006
73007
73008
73009
73010
73011
73012
73013
73014
73015
73016
73017
73018
73019
73020
73021
73022
73023
73024
73025
73026
73027
73028
73029
73030
73031
73032
73033
73034
73035
73036
73037
73038
73039
73040
73041
73042
73043
73044
73045
73046
73047
73048
73049
73050
73051
73052
73053
73054
73055
73056
73057
73058
73059
73060
73061
73062
73063
73064
73065
73066
73067
73068
73069
73070
73071
73072
73073
73074
73075
73076
73077
73078
73079
73080
73081
73082
73083
73084
73085
73086
73087
73088
73089
73090
73091
73092
73093
73094
73095
73096
73097
73098
73099
73100
73101
73102
73103
73104
73105
73106
73107
73108
73109
73110
73111
73112
73113
73114
73115
73116
73117
73118
73119
73120
73121
73122
73123
73124
73125
73126
73127
73128
73129
73130
73131
73132
73133
73134
73135
73136
73137
73138
73139
73140
73141
73142
73143
73144
73145
73146
73147
73148
73149
73150
73151
73152
73153
73154
73155
73156
73157
73158
73159
73160
73161
73162
73163
73164
73165
73166
73167
73168
73169
73170
73171
73172
73173
73174
73175
73176
73177
73178
73179
73180
73181
73182
73183
73184
73185
73186
73187
73188
73189
73190
73191
73192
73193
73194
73195
73196
73197
73198
73199
73200
73201
73202
73203
73204
73205
73206
73207
73208
73209
73210
73211
73212
73213
73214
73215
73216
73217
73218
73219
73220
73221
73222
73223
73224
73225
73226
73227
73228
73229
73230
73231
73232
73233
73234
73235
73236
73237
73238
73239
73240
73241
73242
73243
73244
73245
73246
73247
73248
73249
73250
73251
73252
73253
73254
73255
73256
73257
73258
73259
73260
73261
73262
73263
73264
73265
73266
73267
73268
73269
73270
73271
73272
73273
73274
73275
73276
73277
73278
73279
73280
73281
73282
73283
73284
73285
73286
73287
73288
73289
73290
73291
73292
73293
73294
73295
73296
73297
73298
73299
73300
73301
73302
73303
73304
73305
73306
73307
73308
73309
73310
73311
73312
73313
73314
73315
73316
73317
73318
73319
73320
73321
73322
73323
73324
73325
73326
73327
73328
73329
73330
73331
73332
73333
73334
73335
73336
73337
73338
73339
73340
73341
73342
73343
73344
73345
73346
73347
73348
73349
73350
73351
73352
73353
73354
73355
73356
73357
73358
73359
73360
73361
73362
73363
73364
73365
73366
73367
73368
73369
73370
73371
73372
73373
73374
73375
73376
73377
73378
73379
73380
73381
73382
73383
73384
73385
73386
73387
73388
73389
73390
73391
73392
73393
73394
73395
73396
73397
73398
73399
73400
73401
73402
73403
73404
73405
73406
73407
73408
73409
73410
73411
73412
73413
73414
73415
73416
73417
73418
73419
73420
73421
73422
73423
73424
73425
73426
73427
73428
73429
73430
73431
73432
73433
73434
73435
73436
73437
73438
73439
73440
73441
73442
73443
73444
73445
73446
73447
73448
73449
73450
73451
73452
73453
73454
73455
73456
73457
73458
73459
73460
73461
73462
73463
73464
73465
73466
73467
73468
73469
73470
73471
73472
73473
73474
73475
73476
73477
73478
73479
73480
73481
73482
73483
73484
73485
73486
73487
73488
73489
73490
73491
73492
73493
73494
73495
73496
73497
73498
73499
73500
73501
73502
73503
73504
73505
73506
73507
73508
73509
73510
73511
73512
73513
73514
73515
73516
73517
73518
73519
73520
73521
73522
73523
73524
73525
73526
73527
73528
73529
73530
73531
73532
73533
73534
73535
73536
73537
73538
73539
73540
73541
73542
73543
73544
73545
73546
73547
73548
73549
73550
73551
73552
73553
73554
73555
73556
73557
73558
73559
73560
73561
73562
73563
73564
73565
73566
73567
73568
73569
73570
73571
73572
73573
73574
73575
73576
73577
73578
73579
73580
73581
73582
73583
73584
73585
73586
73587
73588
73589
73590
73591
73592
73593
73594
73595
73596
73597
73598
73599
73600
73601
73602
73603
73604
73605
73606
73607
73608
73609
73610
73611
73612
73613
73614
73615
73616
73617
73618
73619
73620
73621
73622
73623
73624
73625
73626
73627
73628
73629
73630
73631
73632
73633
73634
73635
73636
73637
73638
73639
73640
73641
73642
73643
73644
73645
73646
73647
73648
73649
73650
73651
73652
73653
73654
73655
73656
73657
73658
73659
73660
73661
73662
73663
73664
73665
73666
73667
73668
73669
73670
73671
73672
73673
73674
73675
73676
73677
73678
73679
73680
73681
73682
73683
73684
73685
73686
73687
73688
73689
73690
73691
73692
73693
73694
73695
73696
73697
73698
73699
73700
73701
73702
73703
73704
73705
73706
73707
73708
73709
73710
73711
73712
73713
73714
73715
73716
73717
73718
73719
73720
73721
73722
73723
73724
73725
73726
73727
73728
73729
73730
73731
73732
73733
73734
73735
73736
73737
73738
73739
73740
73741
73742
73743
73744
73745
73746
73747
73748
73749
73750
73751
73752
73753
73754
73755
73756
73757
73758
73759
73760
73761
73762
73763
73764
73765
73766
73767
73768
73769
73770
73771
73772
73773
73774
73775
73776
73777
73778
73779
73780
73781
73782
73783
73784
73785
73786
73787
73788
73789
73790
73791
73792
73793
73794
73795
73796
73797
73798
73799
73800
73801
73802
73803
73804
73805
73806
73807
73808
73809
73810
73811
73812
73813
73814
73815
73816
73817
73818
73819
73820
73821
73822
73823
73824
73825
73826
73827
73828
73829
73830
73831
73832
73833
73834
73835
73836
73837
73838
73839
73840
73841
73842
73843
73844
73845
73846
73847
73848
73849
73850
73851
73852
73853
73854
73855
73856
73857
73858
73859
73860
73861
73862
73863
73864
73865
73866
73867
73868
73869
73870
73871
73872
73873
73874
73875
73876
73877
73878
73879
73880
73881
73882
73883
73884
73885
73886
73887
73888
73889
73890
73891
73892
73893
73894
73895
73896
73897
73898
73899
73900
73901
73902
73903
73904
73905
73906
73907
73908
73909
73910
73911
73912
73913
73914
73915
73916
73917
73918
73919
73920
73921
73922
73923
73924
73925
73926
73927
73928
73929
73930
73931
73932
73933
73934
73935
73936
73937
73938
73939
73940
73941
73942
73943
73944
73945
73946
73947
73948
73949
73950
73951
73952
73953
73954
73955
73956
73957
73958
73959
73960
73961
73962
73963
73964
73965
73966
73967
73968
73969
73970
73971
73972
73973
73974
73975
73976
73977
73978
73979
73980
73981
73982
73983
73984
73985
73986
73987
73988
73989
73990
73991
73992
73993
73994
73995
73996
73997
73998
73999
74000
74001
74002
74003
74004
74005
74006
74007
74008
74009
74010
74011
74012
74013
74014
74015
74016
74017
74018
74019
74020
74021
74022
74023
74024
74025
74026
74027
74028
74029
74030
74031
74032
74033
74034
74035
74036
74037
74038
74039
74040
74041
74042
74043
74044
74045
74046
74047
74048
74049
74050
74051
74052
74053
74054
74055
74056
74057
74058
74059
74060
74061
74062
74063
74064
74065
74066
74067
74068
74069
74070
74071
74072
74073
74074
74075
74076
74077
74078
74079
74080
74081
74082
74083
74084
74085
74086
74087
74088
74089
74090
74091
74092
74093
74094
74095
74096
74097
74098
74099
74100
74101
74102
74103
74104
74105
74106
74107
74108
74109
74110
74111
74112
74113
74114
74115
74116
74117
74118
74119
74120
74121
74122
74123
74124
74125
74126
74127
74128
74129
74130
74131
74132
74133
74134
74135
74136
74137
74138
74139
74140
74141
74142
74143
74144
74145
74146
74147
74148
74149
74150
74151
74152
74153
74154
74155
74156
74157
74158
74159
74160
74161
74162
74163
74164
74165
74166
74167
74168
74169
74170
74171
74172
74173
74174
74175
74176
74177
74178
74179
74180
74181
74182
74183
74184
74185
74186
74187
74188
74189
74190
74191
74192
74193
74194
74195
74196
74197
74198
74199
74200
74201
74202
74203
74204
74205
74206
74207
74208
74209
74210
74211
74212
74213
74214
74215
74216
74217
74218
74219
74220
74221
74222
74223
74224
74225
74226
74227
74228
74229
74230
74231
74232
74233
74234
74235
74236
74237
74238
74239
74240
74241
74242
74243
74244
74245
74246
74247
74248
74249
74250
74251
74252
74253
74254
74255
74256
74257
74258
74259
74260
74261
74262
74263
74264
74265
74266
74267
74268
74269
74270
74271
74272
74273
74274
74275
74276
74277
74278
74279
74280
74281
74282
74283
74284
74285
74286
74287
74288
74289
74290
74291
74292
74293
74294
74295
74296
74297
74298
74299
74300
74301
74302
74303
74304
74305
74306
74307
74308
74309
74310
74311
74312
74313
74314
74315
74316
74317
74318
74319
74320
74321
74322
74323
74324
74325
74326
74327
74328
74329
74330
74331
74332
74333
74334
74335
74336
74337
74338
74339
74340
74341
74342
74343
74344
74345
74346
74347
74348
74349
74350
74351
74352
74353
74354
74355
74356
74357
74358
74359
74360
74361
74362
74363
74364
74365
74366
74367
74368
74369
74370
74371
74372
74373
74374
74375
74376
74377
74378
74379
74380
74381
74382
74383
74384
74385
74386
74387
74388
74389
74390
74391
74392
74393
74394
74395
74396
74397
74398
74399
74400
74401
74402
74403
74404
74405
74406
74407
74408
74409
74410
74411
74412
74413
74414
74415
74416
74417
74418
74419
74420
74421
74422
74423
74424
74425
74426
74427
74428
74429
74430
74431
74432
74433
74434
74435
74436
74437
74438
74439
74440
74441
74442
74443
74444
74445
74446
74447
74448
74449
74450
74451
74452
74453
74454
74455
74456
74457
74458
74459
74460
74461
74462
74463
74464
74465
74466
74467
74468
74469
74470
74471
74472
74473
74474
74475
74476
74477
74478
74479
74480
74481
74482
74483
74484
74485
74486
74487
74488
74489
74490
74491
74492
74493
74494
74495
74496
74497
74498
74499
74500
74501
74502
74503
74504
74505
74506
74507
74508
74509
74510
74511
74512
74513
74514
74515
74516
74517
74518
74519
74520
74521
74522
74523
74524
74525
74526
74527
74528
74529
74530
74531
74532
74533
74534
74535
74536
74537
74538
74539
74540
74541
74542
74543
74544
74545
74546
74547
74548
74549
74550
74551
74552
74553
74554
74555
74556
74557
74558
74559
74560
74561
74562
74563
74564
74565
74566
74567
74568
74569
74570
74571
74572
74573
74574
74575
74576
74577
74578
74579
74580
74581
74582
74583
74584
74585
74586
74587
74588
74589
74590
74591
74592
74593
74594
74595
74596
74597
74598
74599
74600
74601
74602
74603
74604
74605
74606
74607
74608
74609
74610
74611
74612
74613
74614
74615
74616
74617
74618
74619
74620
74621
74622
74623
74624
74625
74626
74627
74628
74629
74630
74631
74632
74633
74634
74635
74636
74637
74638
74639
74640
74641
74642
74643
74644
74645
74646
74647
74648
74649
74650
74651
74652
74653
74654
74655
74656
74657
74658
74659
74660
74661
74662
74663
74664
74665
74666
74667
74668
74669
74670
74671
74672
74673
74674
74675
74676
74677
74678
74679
74680
74681
74682
74683
74684
74685
74686
74687
74688
74689
74690
74691
74692
74693
74694
74695
74696
74697
74698
74699
74700
74701
74702
74703
74704
74705
74706
74707
74708
74709
74710
74711
74712
74713
74714
74715
74716
74717
74718
74719
74720
74721
74722
74723
74724
74725
74726
74727
74728
74729
74730
74731
74732
74733
74734
74735
74736
74737
74738
74739
74740
74741
74742
74743
74744
74745
74746
74747
74748
74749
74750
74751
74752
74753
74754
74755
74756
74757
74758
74759
74760
74761
74762
74763
74764
74765
74766
74767
74768
74769
74770
74771
74772
74773
74774
74775
74776
74777
74778
74779
74780
74781
74782
74783
74784
74785
74786
74787
74788
74789
74790
74791
74792
74793
74794
74795
74796
74797
74798
74799
74800
74801
74802
74803
74804
74805
74806
74807
74808
74809
74810
74811
74812
74813
74814
74815
74816
74817
74818
74819
74820
74821
74822
74823
74824
74825
74826
74827
74828
74829
74830
74831
74832
74833
74834
74835
74836
74837
74838
74839
74840
74841
74842
74843
74844
74845
74846
74847
74848
74849
74850
74851
74852
74853
74854
74855
74856
74857
74858
74859
74860
74861
74862
74863
74864
74865
74866
74867
74868
74869
74870
74871
74872
74873
74874
74875
74876
74877
74878
74879
74880
74881
74882
74883
74884
74885
74886
74887
74888
74889
74890
74891
74892
74893
74894
74895
74896
74897
74898
74899
74900
74901
74902
74903
74904
74905
74906
74907
74908
74909
74910
74911
74912
74913
74914
74915
74916
74917
74918
74919
74920
74921
74922
74923
74924
74925
74926
74927
74928
74929
74930
74931
74932
74933
74934
74935
74936
74937
74938
74939
74940
74941
74942
74943
74944
74945
74946
74947
74948
74949
74950
74951
74952
74953
74954
74955
74956
74957
74958
74959
74960
74961
74962
74963
74964
74965
74966
74967
74968
74969
74970
74971
74972
74973
74974
74975
74976
74977
74978
74979
74980
74981
74982
74983
74984
74985
74986
74987
74988
74989
74990
74991
74992
74993
74994
74995
74996
74997
74998
74999
75000
75001
75002
75003
75004
75005
75006
75007
75008
75009
75010
75011
75012
75013
75014
75015
75016
75017
75018
75019
75020
75021
75022
75023
75024
75025
75026
75027
75028
75029
75030
75031
75032
75033
75034
75035
75036
75037
75038
75039
75040
75041
75042
75043
75044
75045
75046
75047
75048
75049
75050
75051
75052
75053
75054
75055
75056
75057
75058
75059
75060
75061
75062
75063
75064
75065
)
;
    flipMap         List<bool> 5540{0};
}
building
{
    type            faceZone;
    faceLabels      List<label> 
2972
(
67485
67486
67487
67488
67489
67490
67491
67492
67496
67501
67503
67504
67505
67506
67507
67508
67509
67510
67511
67512
67513
67514
67517
67519
67521
67522
67523
67525
67526
67527
67528
67529
67530
67532
67533
67534
67535
67536
67537
67538
67539
67540
67541
67542
67543
67544
67545
67549
67552
67556
67557
67559
67561
67563
67564
67565
67566
67567
67568
67569
67571
67573
67574
67575
67576
67577
67579
67581
67582
67583
67585
67586
67587
67588
67589
67590
67592
67593
67594
67595
67596
67598
67599
67600
67601
67602
67603
67604
67605
67606
67607
67608
67609
67611
67613
67614
67615
67616
67617
67618
67619
67620
67621
67622
67623
67624
67625
67626
67627
67628
67631
67635
67636
67637
67638
67639
67640
67641
67642
67643
67644
67645
67646
67647
67648
67651
67655
67659
67660
67661
67662
67663
67664
67665
67666
67667
67668
67671
67672
67675
67676
67677
67679
67682
67683
67684
67685
67686
67687
67688
67691
67693
67694
67695
67696
67697
67698
67699
67700
67701
67702
67703
67704
67705
67706
67707
67708
67709
67710
67711
67712
67713
67714
67719
67722
67723
67724
67725
67726
67727
67728
67729
67730
67731
67733
67734
67735
67737
67749
67750
67754
67758
67760
67761
67762
67763
67764
67765
67766
67768
67770
67771
67772
67773
67777
67779
67780
67781
67789
67794
67795
67796
67798
67799
67800
67801
67803
67804
67805
67806
67807
67808
67809
67812
67813
67815
67816
67817
67818
67819
67820
67821
67822
67824
67825
67826
67828
67831
67836
67837
67838
67839
67840
67841
67842
67843
67844
67845
67848
67852
67853
67854
67861
67863
67864
67870
67872
67873
67874
67875
67876
67877
67878
67880
67881
67882
67883
67884
67885
67886
67890
67894
67895
67897
67898
67899
67900
67902
67903
67904
67906
67908
67909
67911
67912
67915
67916
67917
67918
67919
67920
67921
67922
67923
67924
67925
67927
67928
67929
67935
67944
67946
67947
67949
67954
67955
67964
67965
67966
67969
67974
67975
67982
67983
67985
67986
67989
67994
67995
67999
68000
68002
68003
68005
68006
68009
68014
68019
68020
68022
68023
68024
68025
68026
68041
68042
68045
68046
68047
68048
68050
68051
68052
68053
68054
68055
68056
68057
68058
68059
68060
68061
68062
68063
68064
68065
68085
68086
68087
68088
68090
68091
68092
68094
68096
68097
68098
68099
68101
68102
68103
68104
68105
68107
68108
68109
68110
68111
68112
68113
68114
68117
68119
68120
68121
68134
68137
68145
68146
68148
68150
68151
68153
68154
68161
68162
68164
68170
68171
68172
68174
68175
68176
68177
68178
68179
68180
68181
68182
68183
68184
68185
68187
68192
68193
68197
68200
68201
68202
68203
68204
68205
68206
68207
68208
68209
68212
68213
68221
68222
68223
68224
68226
68228
68230
68232
68233
68234
68236
68237
68238
68240
68241
68242
68243
68244
68246
68248
68249
68251
68253
68260
68261
68262
68263
68265
68268
68271
68272
68273
68274
68275
68276
68277
68278
68279
68280
68281
68282
68283
68284
68285
68286
68287
68288
68294
68296
68298
68299
68300
68301
68302
68303
68304
68308
68309
68329
68332
68333
68334
68335
68337
68338
68339
68353
68355
68356
68357
68359
68362
68363
68364
68365
68366
68367
68368
68370
68372
68379
68381
68382
68383
68384
68385
68387
68388
68389
68390
68391
68395
68396
68397
68399
68401
68409
68411
68412
68414
68415
68417
68418
68420
68421
68423
68424
68426
68427
68428
68429
68430
68431
68432
68433
68434
68435
68436
68437
68440
68457
68459
68460
68461
68463
68464
68465
68468
68470
68478
68480
68482
68483
68485
68486
68487
68488
68489
68490
68491
68492
68493
68494
68495
68496
68497
68498
68499
68500
68501
68502
68503
68504
68505
68506
68507
68508
68509
68510
68511
68512
68513
68514
68515
68516
68517
68519
68520
68521
68526
68529
68545
68547
68548
68549
68550
68551
68552
68554
68555
68556
68558
68560
68563
68564
68565
68566
68568
68569
68571
68572
68573
68574
68575
68576
68577
68578
68579
68580
68581
68582
68583
68584
68585
68586
68587
68588
68589
68590
68591
68592
68593
68594
68595
68596
68597
68598
68599
68600
68601
68604
68605
68606
68611
68614
68623
68624
68628
68629
68630
68631
68632
68633
68635
68637
68638
68639
68640
68641
68642
68643
68644
68645
68647
68649
68650
68651
68653
68655
68656
68657
68658
68659
68660
68661
68662
68663
68664
68665
68666
68667
68668
68669
68670
68671
68672
68673
68674
68675
68676
68677
68678
68679
68680
68681
68682
68683
68684
68685
68686
68691
68696
68699
68708
68709
68710
68711
68713
68714
68715
68716
68717
68718
68719
68720
68721
68722
68723
68724
68725
68726
68727
68728
68729
68730
68732
68734
68735
68736
68739
68741
68742
68744
68745
68746
68747
68748
68749
68751
68753
68754
68755
68756
68757
68758
68759
68760
68761
68762
68763
68764
68765
68766
68767
68768
68769
68770
68771
68776
68781
68784
68793
68794
68795
68796
68798
68800
68801
68805
68806
68808
68809
68810
68811
68812
68813
68814
68815
68817
68818
68819
68820
68821
68825
68829
68830
68832
68835
68838
68841
68846
68847
68849
68850
68852
68855
68857
68858
68863
68864
68865
68866
68867
68868
68871
68872
68873
68874
68875
68876
68877
68878
68879
68880
68881
68882
68883
68884
68885
68886
68887
68888
68889
68890
68891
68892
68893
68894
68895
68896
68897
68898
68899
68900
68901
68902
68903
68904
68905
68906
68907
68908
68909
68910
68911
68912
68913
68914
68915
68916
68917
68918
68919
68920
68921
68922
68923
68924
68925
68926
68927
68928
68929
68930
68931
68932
68933
68934
68935
68936
68937
68938
68939
68940
68941
68942
68943
68944
68945
68946
68947
68948
68949
68950
68951
68952
68953
68954
68955
68956
68957
68958
68959
68960
68962
68965
68966
68967
68978
68981
68982
68983
68987
68990
68991
68992
68993
68994
68995
68996
68997
68998
68999
69000
69001
69002
69003
69004
69005
69006
69007
69008
69009
69010
69011
69012
69013
69014
69015
69016
69017
69018
69019
69020
69021
69022
69023
69024
69025
69026
69030
69031
69033
69035
69036
69038
69040
69047
69049
69058
69097
69100
69102
69117
69142
69144
69146
69149
69151
69153
69154
69155
69161
69162
69165
69166
69168
69170
69171
69172
69174
69175
69177
69178
69180
69181
69182
69183
69185
69186
69187
69188
69189
69191
69194
69195
69196
69198
69199
69200
69202
69204
69205
69206
69207
69208
69210
69211
69213
69214
69215
69217
69239
69240
69241
69242
69243
69244
69245
69246
69247
69248
69273
69274
69276
69278
69282
69285
69286
69287
69288
69289
69290
69291
69295
69297
69305
69306
69308
69309
69310
69312
69313
69314
69316
69317
69318
69319
69320
69322
69323
69324
69325
69326
69327
69328
69329
69330
69332
69333
69335
69336
69337
69338
69339
69340
69341
69342
69343
69344
69345
69346
69347
69348
69350
69351
69352
69353
69354
69355
69356
69357
69362
69364
69365
69366
69368
69369
69370
69371
69372
69373
69375
69376
69378
69379
69380
69381
69383
69385
69386
69387
69388
69389
69390
69391
69392
69393
69394
69395
69396
69397
69398
69399
69400
69401
69402
69404
69406
69408
69409
69410
69411
69412
69413
69414
69415
69416
69422
69423
69424
69425
69426
69427
69428
69431
69443
69453
69454
69455
69456
69457
69458
69459
69460
69461
69462
69463
69464
69465
69466
69467
69468
69469
69470
69471
69472
69473
69474
69475
69476
69477
69478
69479
69480
69481
69482
69483
69484
69485
69486
69489
69491
69492
69493
69497
69498
69499
69500
69501
69502
69503
69504
69505
69506
69531
69532
69533
69534
69535
69536
69537
69542
69543
69544
69545
69546
69547
69548
69552
69553
69558
69559
69561
69564
69565
69567
69568
69569
69571
69572
69573
69574
69576
69577
69578
69579
69580
69581
69582
69584
69585
69586
69587
69588
69589
69590
69591
69592
69593
69594
69595
69596
69597
69598
69599
69600
69601
69602
69603
69604
69605
69606
69607
69608
69615
69619
69622
69623
69624
69626
69628
69632
69633
69635
69637
69638
69639
69641
69643
69644
69648
69649
69650
69651
69652
69654
69657
69658
69659
69660
69661
69662
69663
69667
69670
69671
69672
69673
69674
69675
69679
69680
69689
69690
69691
69692
69693
69694
69699
69702
69709
69710
69711
69712
69713
69714
69729
69730
69731
69732
69733
69734
69735
69736
69738
69740
69741
69742
69743
69744
69745
69746
69747
69748
69749
69750
69751
69752
69753
69754
69755
69756
69757
69758
69759
69760
69761
69762
69763
69764
69765
69766
69767
69768
69769
69770
69771
69772
69773
69774
69775
69776
69777
69778
69779
69780
69781
69782
69784
69785
69788
69790
69791
69792
69793
69794
69795
69796
69797
69798
69799
69812
69816
69820
69821
69822
69823
69826
69836
69867
69868
69869
69870
69871
69872
69873
69874
69875
69880
69882
69895
69896
69897
69899
69903
69904
69905
69906
69909
69919
69941
69946
69948
69949
69950
69951
69952
69953
69954
69955
69978
69979
69980
69982
69986
69987
69988
69989
69992
70012
70021
70022
70026
70029
70030
70031
70032
70033
70034
70035
70036
70037
70038
70061
70062
70063
70065
70069
70070
70071
70072
70092
70093
70094
70095
70096
70097
70103
70104
70105
70106
70107
70112
70114
70115
70116
70117
70118
70119
70120
70121
70144
70145
70148
70152
70175
70176
70177
70178
70179
70180
70181
70182
70184
70185
70186
70187
70188
70189
70191
70192
70197
70198
70199
70200
70201
70202
70203
70204
70240
70249
70261
70271
70273
70280
70282
70285
70288
70289
70292
70297
70298
70299
70300
70301
70302
70305
70306
70308
70309
70310
70311
70312
70313
70314
70315
70316
70317
70318
70319
70320
70321
70322
70323
70324
70325
70326
70327
70328
70329
70330
70331
70332
70333
70334
70335
70336
70337
70338
70339
70340
70341
70342
70343
70344
70345
70346
70347
70348
70349
70350
70351
70352
70353
70354
70355
70356
70357
70369
70371
70378
70380
70415
70446
70449
70468
70469
70470
70471
70472
70473
70474
70476
70477
70478
70479
70480
70481
70482
70483
70485
70486
70487
70488
70489
70491
70494
70495
70498
70502
70504
70510
70511
70514
70515
70517
70519
70520
70521
70523
70524
70526
70527
70529
70530
70532
70534
70535
70538
70543
70544
70545
70546
70547
70553
70554
70555
70557
70558
70559
70560
70561
70562
70563
70564
70565
70566
70567
70568
70569
70570
70571
70572
70573
70574
70575
70576
70577
70578
70579
70580
70581
70582
70583
70584
70585
70586
70587
70606
70607
70608
70609
70610
70611
70612
70613
70614
70615
70616
70617
70618
70619
70620
70621
70622
70623
70624
70625
70626
70627
70628
70629
70630
70631
70632
70633
70634
70635
70636
70637
70638
70639
70644
70650
70651
70652
70655
70657
70658
70660
70661
70663
70664
70665
70667
70668
70673
70674
70675
70676
70677
70678
70679
70680
70681
70682
70683
70684
70685
70686
70687
70688
70689
70690
70691
70692
70693
70694
70695
70696
70697
70698
70699
70700
70701
70702
70703
70704
70705
70706
70707
70708
70709
70710
70711
70713
70714
70719
70720
70721
70724
70726
70729
70731
70734
70736
70737
70742
70743
70744
70745
70746
70747
70748
70749
70750
70751
70752
70753
70754
70755
70756
70757
70758
70759
70760
70761
70762
70763
70764
70765
70767
70768
70769
70770
70771
70772
70773
70774
70775
70776
70777
70778
70779
70780
70781
70782
70783
70785
70788
70789
70790
70793
70795
70796
70798
70800
70803
70805
70815
70816
70817
70818
70819
70820
70821
70822
70823
70824
70825
70826
70827
70828
70829
70830
70831
70832
70833
70834
70835
70836
70837
70838
70839
70840
70841
70842
70843
70844
70845
70846
70847
70848
70849
70850
70851
70852
70853
70854
70855
70856
70857
70858
70859
70860
70862
70866
70868
70871
70872
70873
70876
70878
70879
70885
70888
70889
70890
70891
70892
70893
70894
70895
70896
70897
70898
70899
70900
70901
70902
70903
70904
70905
70906
70907
70908
70909
70910
70911
70912
70913
70914
70915
70916
70917
70918
70919
70920
70921
70922
70923
70924
70925
70926
70927
70928
70929
70930
70931
70932
70933
70939
70941
70942
70944
70945
70946
70949
70951
70952
70957
70958
70959
70960
70961
70962
70967
70971
70972
70973
70975
70976
70977
70978
70979
70980
70981
70982
70983
70984
70985
70986
70987
70988
70989
70990
70991
70992
70993
70994
70995
70996
70997
70998
70999
71000
71001
71002
71003
71004
71005
71006
71012
71014
71015
71017
71019
71022
71023
71030
71031
71032
71033
71040
71043
71046
71047
71049
71050
71052
71053
71054
71055
71056
71057
71058
71059
71060
71061
71062
71063
71064
71065
71066
71067
71068
71069
71070
71071
71072
71073
71074
71075
71076
71077
71085
71087
71088
71090
71091
71092
71093
71094
71095
71098
71103
71104
71105
71106
71108
71109
71111
71112
71113
71114
71115
71116
71117
71118
71119
71120
71123
71124
71125
71126
71127
71129
71130
71131
71133
71135
71136
71137
71138
71139
71140
71141
71142
71143
71144
71145
71146
71147
71148
71149
71150
71151
71152
71153
71154
71155
71156
71157
71159
71162
71163
71180
71181
71182
71190
71191
71199
71200
71208
71209
71210
71211
71213
71214
71215
71216
71217
71218
71219
71220
71221
71222
71223
71224
71225
71226
71227
71228
71229
71230
71231
71232
71233
71234
71235
71237
71239
71245
71247
71251
71252
71253
71254
71255
71256
71257
71258
71259
71260
71261
71262
71263
71270
71272
71279
71281
71283
71285
71286
71292
71297
71298
71300
71303
71305
71307
71308
71310
71311
71313
71314
71321
71324
71326
71328
71330
71332
71339
71340
71341
71343
71344
71345
71346
71348
71349
71350
71351
71352
71353
71354
71355
71356
71357
71358
71359
71360
71361
71362
71363
71365
71366
71367
71368
71369
71374
71375
71378
71379
71382
71385
71386
71398
71400
71441
71442
71443
71447
71450
71451
71452
71453
71454
71455
71456
71457
71458
71459
71460
71462
71469
71471
71475
71476
71477
71478
71479
71480
71481
71482
71483
71484
71485
71486
71487
71494
71496
71501
71502
71503
71505
71508
71509
71510
71513
71515
71522
71525
71526
71528
71530
71531
71532
71534
71535
71537
71538
71540
71541
71542
71545
71546
71549
71554
71555
71556
71563
71564
71565
71566
71567
71568
71569
71570
71571
71572
71573
71574
71575
71576
71586
71589
71592
71593
71595
71598
71607
71609
71612
71615
71618
71624
71626
71627
71631
71632
71633
71634
71635
71636
71637
71639
71641
71642
71643
71644
71645
71646
71648
71649
71650
71651
71652
71653
71654
71655
71657
71658
71659
71660
71661
71662
71663
71664
71665
71666
71667
71668
71669
71670
71671
71672
71673
71674
71675
71676
71677
71678
71679
71680
71681
71682
71683
71684
71686
71690
71693
71695
71699
71700
71701
71702
71704
71705
71706
71707
71708
71717
71736
71738
71745
71746
71747
71748
71750
71752
71753
71755
71757
71759
71765
71769
71770
71772
71774
71775
71779
71781
71782
71784
71785
71789
71790
71798
71800
71807
71808
71809
71811
71813
71829
71830
71831
71832
71833
71834
71835
71836
71837
71839
71840
71841
71842
71843
71844
71845
71846
71847
71848
71849
71850
71851
71852
71853
71854
71855
71856
71857
71858
71859
71860
71861
71862
71863
71864
71865
71866
71867
71868
71869
71870
71871
71872
71873
71874
71875
71876
71877
71878
71879
71880
71881
71882
71883
71884
71885
71886
71887
71888
71889
71890
71891
71892
71893
71894
71895
71896
71897
71898
71899
71900
71901
71902
71903
71904
71905
71906
71907
71908
71909
71910
71911
71912
71913
71914
71915
71916
71917
71918
71919
71920
71921
71922
71923
71924
71925
71926
71927
71928
71929
71930
71931
71932
71933
71934
71935
71936
71937
71938
71939
71940
71941
71942
71943
71944
71945
71946
71947
71949
71953
71954
71955
71956
71958
71999
72001
72010
72011
72013
72015
72016
72019
72020
72021
72022
72032
72033
72035
72037
72039
72041
72042
72044
72045
72047
72048
72051
72052
72054
72057
72058
72061
72062
72063
72071
72072
72073
72074
72078
72079
72080
72081
72082
72083
72084
72087
72088
72089
72090
72091
72092
72093
72097
72098
72099
72100
72101
72102
72106
72108
72109
72110
72111
72112
72113
72114
72115
72116
72117
72118
72119
72120
72121
72122
72123
72124
72125
72126
72127
72128
72129
72130
72131
72132
72133
72134
72135
72136
72137
72138
72139
72140
72141
72142
72143
72144
72145
72146
72147
72148
72149
72150
72151
72152
72153
72154
72155
72156
72157
72158
72159
72160
72161
72162
72163
72164
72165
72166
72167
72168
72169
72170
72171
72172
72173
72174
72175
72176
72177
72178
72179
72180
72181
72182
72183
72184
72185
72186
72187
72188
72189
72190
72191
72192
72193
72194
72195
72196
72197
72198
72199
72203
72207
72208
72209
72211
72215
72216
72217
72218
72220
72261
72263
72268
72269
72271
72275
72278
72279
72280
72281
72284
72285
72289
72290
72291
72294
72295
72297
72299
72300
72301
72303
72304
72306
72307
72309
72311
72312
72314
72315
72319
72323
72324
72325
72332
72333
72334
72335
72336
72337
72338
72339
72340
72341
72342
72343
72344
72345
72346
72347
72348
72349
72350
72351
72352
72354
72359
72360
72361
72365
72366
72368
72369
72370
72371
72372
72374
72375
72376
72377
72379
72380
72381
72382
72385
72386
72388
72389
72390
72391
72392
72393
72394
72395
72396
72397
72398
72399
72400
72401
72402
72403
72404
72405
72406
72407
72408
72409
72410
72411
72412
72413
72414
72415
72416
72417
72418
72419
72420
72421
72422
72423
72424
72425
72426
72427
72428
72429
72430
72431
72432
72433
72434
72435
72436
72437
72438
72439
72440
72441
72442
72443
72444
72445
72446
72447
72448
72449
72450
72451
72452
72453
72454
72455
72456
72457
72458
72459
72460
72471
72473
72477
72478
72480
72482
72523
72525
72530
72531
72533
72537
72540
72541
72552
72556
72559
72561
72562
72566
72568
72569
72571
72572
72573
72574
72575
72576
72577
72578
72581
72585
72586
72587
72595
72596
72597
72598
72599
72600
72601
72602
72603
72604
72605
72606
72607
72608
72609
72610
72611
72612
72613
72614
72615
72616
72617
72621
72622
72623
72624
72630
72631
72632
72633
72637
72638
72639
72642
72643
72648
72651
72652
72653
72654
72655
72657
72659
72660
72661
72662
72664
72665
72666
72667
72668
72669
72670
72671
72672
72673
72674
72675
72676
72677
72678
72679
72680
72681
72682
72683
72684
72685
72686
72687
72688
72689
72690
72691
72692
72693
72694
72695
72696
72697
72698
72699
72700
72701
72702
72703
72704
72705
72706
72707
72708
72709
72710
72711
72712
72713
72714
72715
72716
72717
72718
72719
72720
72721
72722
72733
72735
72739
72743
72745
72785
72787
72792
72793
72795
72797
72798
72800
72803
72804
72807
72813
72816
72818
72821
72823
72824
72826
72828
72829
72831
72832
72833
72834
72835
72837
72838
72840
72841
72842
72843
72847
72849
72857
72858
72859
72860
72861
72862
72863
72864
72865
72866
72867
72868
72869
72870
72871
72872
72873
72874
72875
72876
)
;
    flipMap         List<bool> 2972{0};
}
)

// ************************************************************************* //
